# total_frames:1 beg:0 end:0 stride:1 interaction_types:hp,sb,pc,ps,ts,vdw,hb
# Columns: frame, interaction_type, atom_1, atom_2[, atom_3[, atom_4]]
0	sb	A:ARG:673:NH1	A:GLU:148:OE2
0	sb	A:ARG:602:NH2	A:GLU:605:OE2
0	sb	A:ARG:41:NH1	A:ASP:91:OD2
0	sb	A:ARG:673:NH2	A:GLU:148:OE1
0	sb	A:ASP:690:OD1	A:LYS:694:NZ
0	sb	A:ASP:176:OD1	A:HIS:173:ND1
0	sb	A:ARG:559:NH1	A:GLU:732:OE1
0	sb	A:ASP:458:OD1	A:HIS:467:NE2
0	sb	A:ARG:624:NH2	A:GLU:622:OE1
0	sb	A:ASP:537:OD1	A:LYS:252:NZ
0	sb	A:GLU:133:OE1	A:LYS:171:NZ
0	sb	A:ARG:735:NH2	A:ASP:371:OD2
0	sb	A:GLU:133:OE2	A:LYS:130:NZ
0	sb	A:ARG:673:NH2	A:GLU:654:OE2
0	sb	A:ASP:734:OD1	A:HIS:369:NE2
0	sb	A:GLU:563:OE1	A:LYS:579:NZ
0	sb	A:GLU:686:OE1	A:LYS:649:NZ
0	sb	A:GLU:155:OE2	A:LYS:157:NZ
0	sb	A:ARG:561:NH2	A:GLU:732:OE1
0	sb	A:GLU:720:OE1	A:LYS:724:NZ
0	sb	A:ARG:360:NH2	A:ASP:358:OD2
0	sb	A:ASP:596:OD1	A:LYS:625:NZ
0	sb	A:ASP:358:OD2	A:LYS:404:NZ
0	sb	A:ASP:565:OD2	A:LYS:579:NZ
0	sb	A:ARG:673:NH2	A:GLU:654:OE1
0	sb	A:ARG:673:NH1	A:GLU:148:OE1
0	sb	A:ASP:176:OD1	A:HIS:173:NE2
0	sb	A:GLU:492:OE2	A:LYS:494:NZ
0	sb	A:ASP:176:OD2	A:HIS:173:ND1
0	sb	A:ASP:537:OD2	A:LYS:252:NZ
0	sb	A:ARG:532:NH1	A:GLU:570:OE1
0	sb	A:ASP:371:OD2	A:HIS:369:ND1
0	sb	A:ARG:673:NH2	A:GLU:148:OE2
0	sb	A:GLU:33:OE2	A:LYS:60:NZ
0	sb	A:ASP:690:OD2	A:LYS:694:NZ
0	sb	A:GLU:437:OE2	A:LYS:434:NZ
0	sb	A:ASP:458:OD2	A:HIS:467:NE2
0	sb	A:ARG:292:NH1	A:GLU:14:OE1
0	sb	A:ARG:624:NH2	A:GLU:622:OE2
0	sb	A:ARG:41:NH2	A:ASP:91:OD2
0	sb	A:ASP:316:OD1	A:LYS:304:NZ
0	sb	A:GLU:155:OE1	A:LYS:157:NZ
0	sb	A:ARG:673:NH1	A:GLU:654:OE1
0	sb	A:ASP:458:OD1	A:HIS:467:ND1
0	sb	A:GLU:216:OE2	A:HIS:217:NE2
0	sb	A:ASP:176:OD2	A:HIS:173:NE2
0	sb	A:ASP:734:OD2	A:HIS:369:NE2
0	sb	A:ASP:596:OD2	A:LYS:625:NZ
0	sb	A:GLU:90:OE2	A:LYS:93:NZ
0	sb	A:ARG:561:NH2	A:GLU:732:OE2
0	pc	A:LYS:404:NZ	A:TYR:401:CE1
0	pc	A:ARG:722:NH2	A:TYR:727:CE1
0	pc	A:ARG:368:NH1	A:PHE:407:CE1
0	pc	A:HIS:700:NE2	A:PHE:513:CE1
0	pc	A:ARG:735:NH2	A:HIS:369:CD2
0	pc	A:ARG:717:NH2	A:TYR:470:CE1
0	pc	A:LYS:269:NZ	A:TYR:459:CE1
0	pc	A:ARG:455:NH1	A:TYR:484:CE1
0	pc	A:HIS:681:CD2	A:LYS:617:NZ
0	pc	A:ARG:428:NH1	A:PHE:465:CE1
0	pc	A:HIS:181:NE2	A:PHE:177:CE1
0	pc	A:ARG:41:NH2	A:PHE:92:CE1
0	pc	A:ARG:549:NH1	A:TRP:738:CD2
0	pc	A:ARG:201:NH1	A:TYR:255:CE1
0	pc	A:HIS:699:NE2	A:TYR:713:CE1
0	pc	A:LYS:494:NZ	A:TYR:495:CE1
0	pc	A:ARG:368:NH2	A:PHE:407:CE1
0	pc	A:ARG:455:NH2	A:TYR:484:CE1
0	pc	A:HIS:699:ND1	A:TYR:713:CE1
0	pc	A:LYS:724:NZ	A:TYR:459:CE1
0	ps	A:PHE:99:CE1	A:TRP:101:CD2
0	vdw	A:ASN:374:C	A:SER:376:N
0	vdw	A:ASN:374:OD1	A:SER:376:N
0	vdw	A:ASN:374:O	A:SER:376:N
0	vdw	A:GLU:378:N	A:SER:376:O
0	vdw	A:ASN:374:CG	A:SER:376:OG
0	vdw	A:ASN:374:ND2	A:SER:376:OG
0	vdw	A:ASN:374:OD1	A:SER:376:OG
0	vdw	A:ASN:374:CB	A:THR:377:OG1
0	vdw	A:ASN:374:OD1	A:SER:376:CA
0	vdw	A:ASN:374:OD1	A:SER:376:CB
0	vdw	A:GLN:373:O	A:SER:375:N
0	vdw	A:GLN:373:C	A:SER:375:N
0	vdw	A:GLU:378:N	A:SER:376:C
0	vdw	A:ASN:374:O	A:THR:377:N
0	vdw	A:SER:375:C	A:THR:377:N
0	vdw	A:ASN:374:N	A:TYR:372:C
0	vdw	A:ASN:374:N	A:TYR:372:O
0	vdw	A:ASN:374:O	A:THR:377:OG1
0	vdw	A:ASN:374:O	A:THR:377:CA
0	vdw	A:ASN:374:O	A:THR:377:CB
0	vdw	A:GLU:378:C	A:LYS:380:N
0	vdw	A:GLU:378:O	A:LYS:380:N
0	vdw	A:ASP:444:OD2	A:GLU:378:O
0	vdw	A:ASN:408:O	A:GLU:378:CA
0	vdw	A:ASN:408:O	A:GLU:378:C
0	vdw	A:ASP:371:C	A:GLN:373:N
0	vdw	A:LYS:370:C	A:TYR:372:N
0	vdw	A:LYS:370:O	A:TYR:372:N
0	vdw	A:HIS:369:C	A:TYR:372:N
0	vdw	A:HIS:369:O	A:TYR:372:N
0	vdw	A:HIS:369:O	A:TYR:372:CA
0	vdw	A:HIS:369:O	A:TYR:372:C
0	vdw	A:GLN:373:N	A:HIS:369:O
0	vdw	A:ARG:368:CB	A:TYR:372:O
0	vdw	A:ARG:368:NH1	A:TYR:372:O
0	vdw	A:ARG:368:CD	A:TYR:372:O
0	vdw	A:ASP:371:O	A:THR:377:CG2
0	vdw	A:LYS:380:NZ	A:PRO:442:CB
0	vdw	A:LYS:380:CD	A:PRO:442:O
0	vdw	A:ASN:413:ND2	A:THR:441:CG2
0	vdw	A:GLN:373:CG	A:LYS:370:CA
0	vdw	A:GLN:373:CG	A:HIS:369:O
0	vdw	A:ASP:371:N	A:HIS:369:C
0	vdw	A:ASP:371:N	A:HIS:369:O
0	vdw	A:ASP:371:N	A:HIS:369:ND1
0	vdw	A:ASP:371:CB	A:HIS:369:ND1
0	vdw	A:ASP:371:CG	A:HIS:369:ND1
0	vdw	A:ASP:371:CG	A:HIS:369:CE1
0	vdw	A:GLN:359:O	A:LYS:361:N
0	vdw	A:GLN:359:O	A:GLY:362:N
0	vdw	A:GLY:363:O	A:LYS:344:CD
0	vdw	A:GLY:363:O	A:LYS:344:CE
0	vdw	A:GLN:359:CB	A:LYS:404:O
0	vdw	A:GLN:359:CD	A:GLY:406:CA
0	vdw	A:GLN:359:OE1	A:GLY:406:CA
0	vdw	A:GLN:359:CG	A:TYR:405:C
0	vdw	A:GLN:359:CD	A:TYR:405:C
0	vdw	A:GLN:359:CD	A:GLY:406:N
0	vdw	A:GLN:359:OE1	A:GLY:406:N
0	vdw	A:GLY:406:CA	A:LYS:403:O
0	vdw	A:LYS:403:O	A:TYR:405:N
0	vdw	A:GLY:406:N	A:LYS:403:O
0	vdw	A:ASN:400:O	A:LYS:403:CB
0	vdw	A:GLN:399:O	A:LYS:403:CB
0	vdw	A:LYS:344:O	A:PHE:346:N
0	vdw	A:LYS:344:C	A:PHE:346:N
0	vdw	A:GLY:362:O	A:LYS:344:CB
0	vdw	A:GLN:359:NE2	A:GLY:406:CA
0	vdw	A:ARG:368:NH2	A:GLY:406:CA
0	vdw	A:ARG:368:NH2	A:GLY:406:C
0	vdw	A:ARG:368:NH2	A:GLY:406:O
0	vdw	A:ARG:368:NH1	A:GLY:406:O
0	vdw	A:LEU:402:O	A:PHE:407:N
0	vdw	A:PHE:407:N	A:TYR:405:C
0	vdw	A:LEU:402:C	A:PHE:407:O
0	vdw	A:LEU:402:CB	A:PHE:407:O
0	vdw	A:ILE:379:CD1	A:PHE:407:CB
0	vdw	A:LEU:402:O	A:PHE:407:CA
0	vdw	A:LEU:402:O	A:PHE:407:C
0	vdw	A:LEU:402:O	A:PHE:407:CB
0	vdw	A:LEU:402:O	A:PHE:407:O
0	vdw	A:LYS:403:N	A:PHE:407:O
0	vdw	A:LYS:403:CA	A:PHE:407:O
0	vdw	A:ASN:408:O	A:ILE:379:N
0	vdw	A:ASN:408:O	A:ILE:379:CA
0	vdw	A:ASN:408:O	A:ILE:379:CB
0	vdw	A:ILE:379:O	A:SER:409:CA
0	vdw	A:ILE:379:O	A:SER:409:C
0	vdw	A:ILE:379:O	A:SER:409:CB
0	vdw	A:ILE:381:CD1	A:SER:409:CB
0	vdw	A:GLN:399:NE2	A:SER:409:C
0	vdw	A:GLN:399:NE2	A:SER:409:O
0	vdw	A:VAL:410:C	A:VAL:412:N
0	vdw	A:ASN:413:N	A:VAL:411:C
0	vdw	A:ILE:381:O	A:VAL:411:CA
0	vdw	A:ILE:381:O	A:VAL:411:C
0	vdw	A:ARG:368:CZ	A:PHE:407:CZ
0	vdw	A:ARG:368:CG	A:VAL:365:CG2
0	vdw	A:ARG:368:CZ	A:GLY:406:O
0	vdw	A:ARG:368:NH1	A:PHE:407:CD1
0	vdw	A:ARG:368:NH1	A:PHE:407:CE1
0	vdw	A:ARG:368:NH1	A:PHE:407:CZ
0	vdw	A:ASN:510:OD1	A:PHE:407:CE1
0	vdw	A:ASN:510:OD1	A:PHE:407:CZ
0	vdw	A:ILE:379:CD1	A:PHE:407:CD1
0	vdw	A:ASN:510:CG	A:PHE:407:CE1
0	vdw	A:ASN:510:ND2	A:PHE:407:CE1
0	vdw	A:ASN:510:CG	A:PHE:407:CZ
0	vdw	A:PHE:407:CZ	A:VAL:365:CG2
0	vdw	A:ILE:379:CG1	A:TYR:372:CE1
0	vdw	A:ILE:379:O	A:ILE:381:N
0	vdw	A:ILE:379:O	A:VAL:410:O
0	vdw	A:ASP:444:OD2	A:ILE:379:CA
0	vdw	A:ASP:444:OD2	A:ILE:379:C
0	vdw	A:ASP:444:CG	A:LYS:380:N
0	vdw	A:ASP:444:OD2	A:LYS:380:N
0	vdw	A:ILE:379:O	A:VAL:410:N
0	vdw	A:LYS:380:CA	A:VAL:410:O
0	vdw	A:LYS:380:C	A:VAL:410:O
0	vdw	A:ILE:381:N	A:VAL:410:O
0	vdw	A:VAL:410:O	A:VAL:412:N
0	vdw	A:ILE:381:CA	A:VAL:410:O
0	vdw	A:ILE:381:O	A:VAL:412:N
0	vdw	A:ILE:381:O	A:VAL:412:CG2
0	vdw	A:THR:382:OG1	A:VAL:412:CG2
0	vdw	A:ARG:368:CA	A:ASN:510:OD1
0	vdw	A:ARG:368:C	A:ASN:510:OD1
0	vdw	A:ASN:510:OD1	A:HIS:369:N
0	vdw	A:ASP:444:CB	A:TYR:372:OH
0	vdw	A:ASP:444:CG	A:TYR:372:OH
0	vdw	A:ASP:444:OD1	A:TYR:372:OH
0	vdw	A:ASP:444:OD2	A:TYR:372:OH
0	vdw	A:LEU:508:CD2	A:TYR:372:OH
0	vdw	A:ASP:444:CB	A:LYS:380:O
0	vdw	A:ASP:444:OD2	A:LYS:380:CB
0	vdw	A:ASP:444:OD2	A:LYS:380:CA
0	vdw	A:ASP:444:N	A:LYS:380:O
0	vdw	A:ASP:444:CA	A:LYS:380:O
0	vdw	A:ILE:445:N	A:LYS:380:O
0	vdw	A:THR:441:O	A:THR:443:CB
0	vdw	A:THR:441:O	A:THR:443:OG1
0	vdw	A:THR:382:OG1	A:THR:443:CB
0	vdw	A:THR:382:OG1	A:THR:443:OG1
0	vdw	A:ASN:413:ND2	A:THR:441:CB
0	vdw	A:ASN:413:ND2	A:THR:441:OG1
0	vdw	A:GLY:509:C	A:HIS:369:CB
0	vdw	A:GLY:509:CA	A:HIS:369:CD2
0	vdw	A:HIS:369:CB	A:LEU:508:O
0	vdw	A:HIS:369:CG	A:LEU:508:O
0	vdw	A:ASP:734:CG	A:HIS:369:CD2
0	vdw	A:ASP:734:OD2	A:HIS:369:CD2
0	vdw	A:ARG:735:NH2	A:ASP:371:OD2
0	vdw	A:MET:478:SD	A:THR:443:O
0	vdw	A:ILE:445:N	A:THR:443:C
0	vdw	A:THR:441:C	A:THR:443:N
0	vdw	A:THR:441:O	A:THR:443:N
0	vdw	A:LEU:438:O	A:THR:441:O
0	vdw	A:ALA:440:N	A:LEU:438:O
0	vdw	A:LEU:438:O	A:THR:441:N
0	vdw	A:LEU:439:C	A:THR:441:N
0	vdw	A:LEU:439:O	A:THR:441:N
0	vdw	A:ALA:440:N	A:GLU:437:O
0	vdw	A:ALA:440:N	A:LEU:438:C
0	vdw	A:ALA:440:CB	A:GLU:437:O
0	vdw	A:GLU:437:O	A:LEU:439:N
0	vdw	A:ASP:734:CG	A:HIS:369:NE2
0	vdw	A:ASP:734:OD1	A:HIS:369:NE2
0	vdw	A:ASP:734:OD2	A:HIS:369:NE2
0	vdw	A:ASP:371:OD2	A:HIS:369:CE1
0	vdw	A:ARG:477:NH1	A:VAL:730:CG2
0	vdw	A:ARG:477:NH2	A:VAL:730:CG2
0	vdw	A:ARG:477:CZ	A:VAL:730:CG2
0	vdw	A:ARG:477:NH2	A:VAL:730:CB
0	vdw	A:ARG:360:CZ	A:LYS:404:CE
0	vdw	A:GLY:363:N	A:LYS:361:C
0	vdw	A:GLY:363:N	A:LYS:361:O
0	vdw	A:GLN:359:C	A:LYS:361:N
0	vdw	A:GLN:359:C	A:GLY:362:N
0	vdw	A:ARG:360:C	A:GLY:362:N
0	vdw	A:ARG:360:CA	A:ASP:358:OD1
0	vdw	A:ASP:358:O	A:LYS:361:N
0	vdw	A:ASP:358:O	A:LYS:361:CA
0	vdw	A:ARG:360:N	A:ASP:358:OD1
0	vdw	A:ARG:360:CB	A:ASP:358:OD1
0	vdw	A:ARG:360:CG	A:ASP:358:OD1
0	vdw	A:ARG:360:NE	A:ASP:358:OD1
0	vdw	A:ARG:360:N	A:ASP:358:C
0	vdw	A:ASP:358:OD1	A:LYS:404:CE
0	vdw	A:ARG:360:NE	A:ASP:358:OD2
0	vdw	A:ASP:358:OD1	A:LYS:404:CG
0	vdw	A:ASN:400:CA	A:GLU:397:O
0	vdw	A:ASN:400:CG	A:ASP:396:O
0	vdw	A:ASP:358:O	A:GLY:363:N
0	vdw	A:ASP:358:O	A:GLY:363:CA
0	vdw	A:GLY:356:O	A:GLY:363:CA
0	vdw	A:ARG:360:N	A:ASP:358:O
0	vdw	A:ASP:358:O	A:LYS:361:CB
0	vdw	A:GLN:359:N	A:LEU:357:O
0	vdw	A:GLN:359:N	A:LYS:404:O
0	vdw	A:LEU:357:O	A:TYR:405:CA
0	vdw	A:GLY:406:N	A:LYS:404:O
0	vdw	A:LEU:357:O	A:TYR:405:CD1
0	vdw	A:LYS:403:C	A:TYR:405:N
0	vdw	A:ASN:400:O	A:LYS:403:C
0	vdw	A:ASN:400:O	A:LYS:404:N
0	vdw	A:ASN:400:O	A:LYS:404:CB
0	vdw	A:GLY:406:N	A:LYS:403:C
0	vdw	A:LEU:402:O	A:LYS:404:N
0	vdw	A:GLY:406:N	A:LYS:404:C
0	vdw	A:LEU:402:O	A:TYR:405:N
0	vdw	A:LYS:404:N	A:TYR:401:O
0	vdw	A:LYS:404:CA	A:TYR:401:O
0	vdw	A:LYS:404:CB	A:TYR:401:O
0	vdw	A:TYR:401:O	A:TYR:405:N
0	vdw	A:LEU:402:C	A:LYS:404:N
0	vdw	A:LEU:402:C	A:TYR:405:N
0	vdw	A:LYS:404:N	A:TYR:401:C
0	vdw	A:ASN:400:C	A:LYS:403:N
0	vdw	A:ASN:400:O	A:LYS:403:N
0	vdw	A:ASN:400:O	A:LYS:403:CA
0	vdw	A:GLN:399:O	A:LYS:403:N
0	vdw	A:ASN:400:C	A:LEU:402:N
0	vdw	A:ASN:400:O	A:LEU:402:N
0	vdw	A:LYS:403:N	A:TYR:401:C
0	vdw	A:LYS:403:N	A:TYR:401:O
0	vdw	A:GLN:399:CA	A:SER:409:OG
0	vdw	A:GLN:399:CB	A:SER:409:OG
0	vdw	A:ASN:400:N	A:GLU:397:C
0	vdw	A:ASN:400:N	A:GLU:397:O
0	vdw	A:ASN:400:N	A:VAL:398:C
0	vdw	A:ASN:400:N	A:VAL:398:O
0	vdw	A:GLN:399:C	A:TYR:401:N
0	vdw	A:GLN:399:O	A:TYR:401:N
0	vdw	A:GLN:399:O	A:LEU:402:N
0	vdw	A:ASP:396:O	A:GLN:399:CB
0	vdw	A:ASN:400:N	A:ASP:396:O
0	vdw	A:GLN:399:CG	A:VAL:395:O
0	vdw	A:GLY:343:O	A:PHE:346:N
0	vdw	A:GLY:345:O	A:LYS:347:N
0	vdw	A:GLY:343:C	A:GLY:345:N
0	vdw	A:GLY:343:O	A:GLY:345:N
0	vdw	A:GLY:343:O	A:PHE:346:CB
0	vdw	A:GLY:345:N	A:PHE:342:O
0	vdw	A:GLY:364:O	A:TYR:366:N
0	vdw	A:GLY:356:O	A:GLY:363:C
0	vdw	A:GLY:356:O	A:GLY:364:N
0	vdw	A:GLY:364:N	A:LEU:357:O
0	vdw	A:GLY:364:CA	A:LEU:357:O
0	vdw	A:GLY:364:O	A:PHE:342:CB
0	vdw	A:PHE:407:CD2	A:TYR:405:O
0	vdw	A:PHE:407:CE2	A:TYR:405:O
0	vdw	A:LEU:402:O	A:TYR:405:CA
0	vdw	A:LEU:402:O	A:TYR:405:C
0	vdw	A:LEU:402:O	A:TYR:405:CB
0	vdw	A:GLY:406:N	A:LEU:402:O
0	vdw	A:GLN:399:O	A:LEU:402:CB
0	vdw	A:LEU:402:CB	A:VAL:398:O
0	vdw	A:LEU:402:CG	A:VAL:398:O
0	vdw	A:GLN:399:CG	A:SER:409:OG
0	vdw	A:ILE:383:CD1	A:VAL:411:CG1
0	vdw	A:ASN:413:C	A:VAL:411:CG1
0	vdw	A:ASN:413:O	A:VAL:411:CG1
0	vdw	A:VAL:395:CG1	A:VAL:411:CG2
0	vdw	A:ALA:414:CA	A:ILE:383:O
0	vdw	A:LEU:341:CG	A:TYR:366:CE2
0	vdw	A:PHE:342:C	A:TYR:366:CA
0	vdw	A:GLY:343:N	A:VAL:365:C
0	vdw	A:GLY:343:N	A:VAL:365:O
0	vdw	A:GLY:343:N	A:TYR:366:N
0	vdw	A:GLY:343:N	A:TYR:366:CA
0	vdw	A:GLY:343:CA	A:VAL:365:C
0	vdw	A:GLY:343:CA	A:VAL:365:O
0	vdw	A:GLY:343:N	A:GLY:364:C
0	vdw	A:GLY:343:N	A:GLY:364:O
0	vdw	A:GLY:343:CA	A:GLY:364:C
0	vdw	A:GLY:343:CA	A:GLY:364:O
0	vdw	A:ARG:367:N	A:VAL:365:C
0	vdw	A:LEU:511:O	A:VAL:365:C
0	vdw	A:ARG:367:N	A:VAL:365:O
0	vdw	A:LEU:511:O	A:TYR:366:N
0	vdw	A:LEU:511:O	A:TYR:366:CA
0	vdw	A:PRO:512:C	A:TYR:366:N
0	vdw	A:PRO:512:O	A:TYR:366:N
0	vdw	A:PHE:407:CE2	A:VAL:365:CG1
0	vdw	A:PHE:407:CE2	A:VAL:365:CG2
0	vdw	A:LEU:505:CD1	A:VAL:365:CG1
0	vdw	A:PRO:512:O	A:VAL:365:CA
0	vdw	A:LEU:505:CD2	A:PHE:407:CD2
0	vdw	A:LEU:505:CD2	A:PHE:407:CE2
0	vdw	A:LEU:402:CD2	A:LEU:505:CD2
0	vdw	A:ILE:379:CD1	A:LEU:508:CD1
0	vdw	A:ILE:381:CA	A:ILE:445:O
0	vdw	A:ILE:381:CG2	A:LEU:447:CG
0	vdw	A:ILE:381:CG2	A:LEU:447:CD1
0	vdw	A:ASN:413:O	A:THR:382:CA
0	vdw	A:ASN:413:O	A:THR:382:C
0	vdw	A:ASN:413:CB	A:LEU:438:CD2
0	vdw	A:ALA:414:C	A:ILE:383:O
0	vdw	A:ASN:413:O	A:ILE:383:N
0	vdw	A:ASN:413:O	A:ILE:383:CA
0	vdw	A:LYS:434:CE	A:VAL:415:CG2
0	vdw	A:LEU:341:CD2	A:TYR:366:CE2
0	vdw	A:ILE:514:CD1	A:TYR:366:CE1
0	vdw	A:ILE:514:CD1	A:TYR:366:CE2
0	vdw	A:ILE:514:CD1	A:TYR:366:OH
0	vdw	A:ILE:514:CD1	A:TYR:366:CZ
0	vdw	A:ILE:514:CG2	A:TYR:366:CD1
0	vdw	A:LEU:511:CD2	A:TYR:366:CD1
0	vdw	A:LEU:511:O	A:TYR:366:CB
0	vdw	A:ARG:367:N	A:LEU:511:O
0	vdw	A:PHE:513:CA	A:TYR:366:CB
0	vdw	A:LEU:511:O	A:PHE:513:N
0	vdw	A:PRO:512:O	A:TYR:366:CB
0	vdw	A:ARG:367:O	A:ASN:510:C
0	vdw	A:ARG:367:O	A:LEU:511:N
0	vdw	A:ARG:367:O	A:ASN:510:CA
0	vdw	A:ARG:367:O	A:LEU:511:CA
0	vdw	A:ASN:510:C	A:PRO:512:CD
0	vdw	A:ASN:510:CA	A:LEU:505:O
0	vdw	A:ASN:510:CB	A:LEU:505:O
0	vdw	A:ASN:510:ND2	A:LEU:505:O
0	vdw	A:ILE:504:O	A:LEU:508:CB
0	vdw	A:ILE:504:O	A:LEU:508:CG
0	vdw	A:ILE:379:CG2	A:LEU:508:CD1
0	vdw	A:LEU:505:O	A:LEU:508:CB
0	vdw	A:ASP:444:O	A:LEU:508:CD2
0	vdw	A:ILE:381:CG1	A:ILE:445:CG2
0	vdw	A:ILE:445:N	A:THR:443:CG2
0	vdw	A:ILE:445:C	A:THR:443:CG2
0	vdw	A:ILE:445:O	A:THR:443:CG2
0	vdw	A:ALA:479:O	A:ILE:445:CA
0	vdw	A:ALA:479:O	A:ILE:445:C
0	vdw	A:ILE:445:O	A:THR:382:N
0	vdw	A:THR:382:CB	A:THR:443:CG2
0	vdw	A:THR:382:OG1	A:THR:443:CG2
0	vdw	A:PHE:446:CE2	A:THR:443:CG2
0	vdw	A:PHE:446:CD1	A:THR:382:CG2
0	vdw	A:PHE:446:CE1	A:THR:382:CG2
0	vdw	A:PHE:446:CD2	A:THR:443:CG2
0	vdw	A:ASN:413:CB	A:THR:382:CG2
0	vdw	A:LEU:438:CB	A:VAL:435:O
0	vdw	A:LEU:438:CB	A:LYS:434:O
0	vdw	A:LEU:438:CG	A:LYS:434:O
0	vdw	A:LEU:438:CD2	A:VAL:415:CG2
0	vdw	A:LYS:434:NZ	A:VAL:415:CG1
0	vdw	A:ASN:510:N	A:LEU:508:C
0	vdw	A:ALA:506:C	A:GLY:509:N
0	vdw	A:ALA:506:O	A:GLY:509:N
0	vdw	A:ALA:506:O	A:GLY:509:CA
0	vdw	A:GLY:509:N	A:LYS:507:C
0	vdw	A:GLY:509:N	A:LEU:505:O
0	vdw	A:ASN:510:N	A:LEU:505:O
0	vdw	A:LEU:505:O	A:LEU:508:CA
0	vdw	A:LEU:505:O	A:LEU:508:C
0	vdw	A:ALA:479:CB	A:ASP:444:O
0	vdw	A:LEU:473:CD2	A:PHE:446:CE2
0	vdw	A:LEU:438:CA	A:VAL:435:O
0	vdw	A:LEU:438:C	A:VAL:435:O
0	vdw	A:LEU:439:N	A:VAL:435:O
0	vdw	A:GLU:437:N	A:VAL:435:C
0	vdw	A:LEU:438:N	A:VAL:435:C
0	vdw	A:GLU:437:N	A:VAL:435:O
0	vdw	A:LEU:438:N	A:VAL:435:O
0	vdw	A:GLU:437:C	A:LEU:439:N
0	vdw	A:LEU:439:CB	A:VAL:435:O
0	vdw	A:LEU:439:CG	A:VAL:435:O
0	vdw	A:LEU:439:CD1	A:VAL:435:O
0	vdw	A:ASN:436:O	A:LEU:439:N
0	vdw	A:GLU:437:N	A:LYS:433:O
0	vdw	A:GLU:437:CB	A:LYS:433:O
0	vdw	A:GLU:437:N	A:LYS:434:O
0	vdw	A:GLU:437:CA	A:LYS:434:O
0	vdw	A:GLU:437:CB	A:LYS:434:O
0	vdw	A:LEU:438:N	A:LYS:434:O
0	vdw	A:GLU:437:CG	A:LYS:433:O
0	vdw	A:ASN:436:N	A:LYS:433:O
0	vdw	A:ASN:436:CA	A:LYS:433:O
0	vdw	A:ASN:436:CB	A:LYS:433:O
0	vdw	A:ASN:436:N	A:LYS:434:O
0	vdw	A:ASN:436:C	A:LEU:438:N
0	vdw	A:ASN:436:O	A:LEU:438:N
0	vdw	A:LYS:433:O	A:VAL:435:N
0	vdw	A:GLU:437:N	A:LYS:434:C
0	vdw	A:GLU:437:OE1	A:LYS:433:CE
0	vdw	A:GLU:437:OE1	A:LYS:433:CG
0	vdw	A:GLU:437:OE2	A:LYS:434:CD
0	vdw	A:ARG:367:NH2	A:PHE:557:O
0	vdw	A:ASP:734:O	A:PHE:557:CE1
0	vdw	A:ARG:735:CD	A:LYS:507:O
0	vdw	A:LEU:439:CD2	A:MET:478:CG
0	vdw	A:ARG:476:C	A:MET:478:N
0	vdw	A:ARG:476:O	A:MET:478:N
0	vdw	A:ARG:476:O	A:MET:478:CG
0	vdw	A:ARG:476:O	A:MET:478:CE
0	vdw	A:LEU:473:O	A:MET:478:N
0	vdw	A:LEU:473:O	A:MET:478:CA
0	vdw	A:LEU:473:O	A:MET:478:CB
0	vdw	A:ASN:436:O	A:LEU:439:CB
0	vdw	A:ARG:476:NE	A:LEU:439:CD1
0	vdw	A:ASN:436:N	A:GLU:432:O
0	vdw	A:ASN:436:CB	A:GLU:432:O
0	vdw	A:ASN:436:CG	A:GLU:432:O
0	vdw	A:ASN:436:N	A:LYS:434:C
0	vdw	A:GLY:733:CA	A:TYR:560:CE1
0	vdw	A:GLY:733:CA	A:TYR:560:CZ
0	vdw	A:ARG:477:CG	A:SER:729:OG
0	vdw	A:ASN:475:O	A:SER:729:CB
0	vdw	A:ASN:475:O	A:SER:729:OG
0	vdw	A:ARG:477:N	A:LEU:474:C
0	vdw	A:ARG:477:N	A:LEU:474:O
0	vdw	A:ARG:477:N	A:ASN:475:C
0	vdw	A:ARG:477:CA	A:LEU:474:O
0	vdw	A:ARG:476:CA	A:LEU:473:O
0	vdw	A:ARG:476:C	A:LEU:473:O
0	vdw	A:ARG:477:N	A:LEU:473:O
0	vdw	A:ARG:476:CG	A:TYR:472:O
0	vdw	A:ARG:476:CD	A:TYR:472:O
0	vdw	A:ARG:476:CD	A:LEU:439:CD1
0	vdw	A:ARG:476:CB	A:LEU:473:O
0	vdw	A:ARG:476:NH2	A:ASN:436:OD1
0	vdw	A:ARG:476:CZ	A:ASN:436:OD1
0	vdw	A:ILE:585:O	A:LYS:589:CE
0	vdw	A:ILE:585:O	A:LYS:589:NZ
0	vdw	A:CYS:524:SG	A:LYS:589:NZ
0	vdw	A:ILE:585:O	A:LYS:589:CD
0	vdw	A:ARG:559:CD	A:ILE:585:CD1
0	vdw	A:ARG:559:NE	A:ILE:585:CD1
0	vdw	A:ILE:585:CD1	A:PRO:582:CG
0	vdw	A:ARG:559:CD	A:GLU:732:OE1
0	vdw	A:ARG:559:NH1	A:GLU:732:OE1
0	vdw	A:ARG:559:CZ	A:GLU:732:OE1
0	vdw	A:ARG:561:NE	A:GLU:732:OE1
0	vdw	A:GLU:732:CG	A:TYR:560:O
0	vdw	A:ARG:561:NE	A:GLU:732:CD
0	vdw	A:GLU:732:O	A:VAL:730:CG1
0	vdw	A:GLU:732:N	A:VAL:730:CG1
0	vdw	A:ARG:477:NE	A:VAL:730:CG2
0	vdw	A:ARG:477:NE	A:SER:729:OG
0	vdw	A:GLU:587:C	A:LYS:589:N
0	vdw	A:GLU:587:O	A:LYS:589:N
0	vdw	A:GLU:587:O	A:LYS:589:CG
0	vdw	A:ILE:585:N	A:THR:583:C
0	vdw	A:ILE:585:N	A:THR:583:O
0	vdw	A:ASN:584:C	A:LEU:586:N
0	vdw	A:ILE:585:N	A:PRO:582:O
0	vdw	A:GLU:587:N	A:ILE:585:C
0	vdw	A:ASN:584:OD1	A:PRO:582:CB
0	vdw	A:ARG:561:NH2	A:PRO:582:CB
0	vdw	A:ARG:561:NH2	A:PRO:582:CG
0	vdw	A:GLU:587:CA	A:THR:583:O
0	vdw	A:GLU:587:CB	A:THR:583:O
0	vdw	A:GLU:587:CA	A:ILE:614:O
0	vdw	A:GLU:587:CG	A:ILE:614:O
0	vdw	A:ARG:610:NH2	A:THR:583:OG1
0	vdw	A:ASN:584:N	A:PRO:582:C
0	vdw	A:ILE:614:CG2	A:THR:583:OG1
0	vdw	A:LEU:586:N	A:THR:583:O
0	vdw	A:ARG:610:CZ	A:THR:583:OG1
0	vdw	A:ASN:584:N	A:PRO:582:O
0	vdw	A:GLU:587:N	A:THR:583:O
0	vdw	A:ASP:358:CG	A:LYS:404:CE
0	vdw	A:ASP:358:OD2	A:LYS:404:CE
0	vdw	A:ASP:358:CG	A:LYS:404:CG
0	vdw	A:ARG:360:NH2	A:ASP:358:OD2
0	vdw	A:ASP:358:OD2	A:LYS:404:CD
0	vdw	A:ASP:358:OD2	A:LYS:404:NZ
0	vdw	A:ARG:360:NH2	A:LYS:404:CE
0	vdw	A:ASP:358:CB	A:LYS:404:CE
0	vdw	A:ARG:360:NH2	A:LYS:404:CG
0	vdw	A:ARG:360:NH2	A:LYS:404:CD
0	vdw	A:ARG:360:NH2	A:LYS:404:NZ
0	vdw	A:ASN:400:CB	A:ASP:396:O
0	vdw	A:ASN:400:ND2	A:ASP:396:O
0	vdw	A:ASP:396:O	A:VAL:398:N
0	vdw	A:ASP:396:O	A:GLN:399:N
0	vdw	A:ASN:400:CB	A:GLU:397:O
0	vdw	A:GLU:397:CA	A:PHE:394:O
0	vdw	A:GLU:397:N	A:VAL:395:C
0	vdw	A:GLU:397:N	A:VAL:395:O
0	vdw	A:ASP:396:CA	A:LYS:393:O
0	vdw	A:ASP:396:CB	A:LYS:393:O
0	vdw	A:GLU:397:N	A:LYS:393:O
0	vdw	A:ASP:396:CB	A:GLY:392:O
0	vdw	A:ASP:396:CG	A:GLY:392:O
0	vdw	A:GLU:397:N	A:PHE:394:C
0	vdw	A:GLU:397:N	A:PHE:394:O
0	vdw	A:ASP:396:OD2	A:GLY:392:O
0	vdw	A:GLY:392:C	A:PHE:394:N
0	vdw	A:GLY:392:C	A:VAL:395:N
0	vdw	A:GLY:356:CA	A:PHE:346:CE1
0	vdw	A:ASP:358:N	A:LYS:355:O
0	vdw	A:ASP:358:CB	A:LYS:355:O
0	vdw	A:LEU:357:N	A:LYS:355:C
0	vdw	A:LEU:357:N	A:LYS:355:O
0	vdw	A:GLU:352:O	A:LYS:355:C
0	vdw	A:GLU:352:O	A:GLY:356:N
0	vdw	A:GLY:356:N	A:LEU:354:C
0	vdw	A:GLY:356:N	A:LEU:354:O
0	vdw	A:GLY:356:N	A:ILE:353:C
0	vdw	A:GLY:356:N	A:ILE:353:O
0	vdw	A:GLY:356:CA	A:ILE:353:O
0	vdw	A:LEU:357:C	A:TYR:405:CD1
0	vdw	A:ASP:358:N	A:LEU:354:O
0	vdw	A:ASP:358:CB	A:LEU:354:O
0	vdw	A:TYR:401:O	A:TYR:405:CG
0	vdw	A:GLU:397:O	A:TYR:401:N
0	vdw	A:TYR:401:N	A:VAL:398:O
0	vdw	A:GLU:397:O	A:TYR:401:CB
0	vdw	A:LEU:402:N	A:VAL:398:O
0	vdw	A:ILE:501:CG1	A:TYR:401:CB
0	vdw	A:GLN:399:N	A:GLU:397:C
0	vdw	A:GLN:399:N	A:GLU:397:O
0	vdw	A:VAL:395:C	A:VAL:398:N
0	vdw	A:VAL:395:O	A:VAL:398:N
0	vdw	A:VAL:395:O	A:VAL:398:CA
0	vdw	A:GLN:399:N	A:VAL:395:O
0	vdw	A:GLU:397:C	A:PHE:394:O
0	vdw	A:PHE:394:O	A:VAL:398:N
0	vdw	A:ASP:396:C	A:VAL:398:N
0	vdw	A:GLU:397:O	A:TYR:401:CD2
0	vdw	A:GLY:392:O	A:VAL:395:CA
0	vdw	A:ASP:396:N	A:GLY:392:O
0	vdw	A:ASP:396:N	A:PHE:394:C
0	vdw	A:ASP:396:N	A:PHE:394:O
0	vdw	A:ILE:383:CD1	A:VAL:395:CG1
0	vdw	A:ASP:396:N	A:LYS:393:C
0	vdw	A:ASP:396:N	A:LYS:393:O
0	vdw	A:GLY:392:O	A:VAL:395:CB
0	vdw	A:VAL:391:O	A:VAL:395:CB
0	vdw	A:GLY:392:O	A:VAL:395:N
0	vdw	A:GLY:392:O	A:PHE:394:N
0	vdw	A:LEU:340:O	A:LYS:347:CA
0	vdw	A:LEU:340:O	A:LYS:347:C
0	vdw	A:PHE:342:CD2	A:PHE:346:O
0	vdw	A:PHE:342:CD2	A:PHE:346:CD1
0	vdw	A:GLY:356:O	A:PHE:342:CB
0	vdw	A:GLY:356:C	A:PHE:342:CG
0	vdw	A:GLY:356:O	A:PHE:342:CG
0	vdw	A:LEU:341:CA	A:PHE:346:O
0	vdw	A:LEU:341:C	A:PHE:346:O
0	vdw	A:PHE:342:N	A:PHE:346:O
0	vdw	A:GLY:356:CA	A:PHE:346:CD1
0	vdw	A:GLY:356:C	A:PHE:342:CD1
0	vdw	A:PHE:342:CD1	A:PRO:512:O
0	vdw	A:PHE:342:CD1	A:PHE:513:CB
0	vdw	A:GLY:356:C	A:ILE:353:O
0	vdw	A:ILE:353:O	A:LEU:357:N
0	vdw	A:ASP:358:N	A:GLY:356:C
0	vdw	A:LEU:354:O	A:LEU:357:N
0	vdw	A:LEU:357:CD2	A:PRO:512:CB
0	vdw	A:LEU:357:CB	A:TYR:405:CD1
0	vdw	A:LEU:357:CB	A:TYR:405:CE1
0	vdw	A:ILE:353:O	A:LEU:357:CB
0	vdw	A:ILE:353:O	A:LEU:357:CG
0	vdw	A:ILE:501:CG2	A:TYR:405:CD2
0	vdw	A:ILE:501:CG2	A:TYR:405:CE2
0	vdw	A:VAL:395:O	A:VAL:398:CB
0	vdw	A:ILE:383:CD1	A:VAL:395:CG2
0	vdw	A:ILE:383:CG2	A:PHE:449:CE2
0	vdw	A:VAL:391:O	A:VAL:395:CG2
0	vdw	A:ALA:516:CA	A:LEU:341:CB
0	vdw	A:LEU:341:O	A:PHE:513:CB
0	vdw	A:ILE:514:N	A:LEU:341:O
0	vdw	A:LEU:341:O	A:PHE:513:CA
0	vdw	A:LEU:341:O	A:PHE:513:C
0	vdw	A:ILE:514:O	A:LEU:341:N
0	vdw	A:PHE:342:CE1	A:PHE:513:CB
0	vdw	A:PHE:342:CZ	A:PHE:513:CB
0	vdw	A:ILE:501:O	A:LEU:505:CG
0	vdw	A:LEU:505:CB	A:PRO:502:O
0	vdw	A:ILE:501:O	A:ILE:504:CB
0	vdw	A:ILE:501:O	A:ILE:504:CA
0	vdw	A:ILE:501:O	A:LEU:505:N
0	vdw	A:ILE:500:O	A:ILE:504:CB
0	vdw	A:ILE:445:CD1	A:ILE:504:CG2
0	vdw	A:ILE:501:O	A:ILE:504:N
0	vdw	A:GLY:503:N	A:ILE:501:O
0	vdw	A:ILE:445:CD1	A:ILE:504:CG1
0	vdw	A:ILE:500:O	A:ILE:504:CG1
0	vdw	A:GLN:481:CB	A:LEU:447:CD2
0	vdw	A:ILE:383:CA	A:LEU:447:O
0	vdw	A:ILE:383:O	A:VAL:415:N
0	vdw	A:LEU:384:CA	A:VAL:415:O
0	vdw	A:ILE:383:C	A:LEU:447:O
0	vdw	A:LEU:384:N	A:LEU:447:O
0	vdw	A:LYS:434:CE	A:VAL:415:CB
0	vdw	A:LYS:434:CE	A:VAL:415:CG1
0	vdw	A:ARG:385:N	A:VAL:415:O
0	vdw	A:ALA:516:C	A:GLN:554:NE2
0	vdw	A:ALA:516:O	A:GLN:554:NE2
0	vdw	A:GLN:554:NE2	A:LEU:515:O
0	vdw	A:GLN:554:CB	A:LEU:515:O
0	vdw	A:GLN:554:CD	A:LEU:515:O
0	vdw	A:GLU:517:N	A:LEU:515:O
0	vdw	A:ALA:516:CA	A:LEU:339:O
0	vdw	A:GLN:554:O	A:ILE:514:CB
0	vdw	A:LEU:511:C	A:PHE:513:N
0	vdw	A:ASN:510:O	A:PRO:512:CD
0	vdw	A:ASN:510:O	A:LEU:505:O
0	vdw	A:ALA:506:CA	A:ASN:510:O
0	vdw	A:ALA:506:N	A:ILE:504:C
0	vdw	A:ALA:506:N	A:ILE:504:O
0	vdw	A:ALA:506:N	A:PRO:502:O
0	vdw	A:LEU:505:C	A:LYS:507:N
0	vdw	A:LEU:505:C	A:LEU:508:N
0	vdw	A:LEU:505:O	A:LYS:507:N
0	vdw	A:LEU:505:O	A:LEU:508:N
0	vdw	A:ALA:506:N	A:GLY:503:O
0	vdw	A:ILE:504:O	A:LYS:507:N
0	vdw	A:ILE:504:O	A:LYS:507:CA
0	vdw	A:ILE:504:O	A:LYS:507:CB
0	vdw	A:ILE:504:O	A:LEU:508:N
0	vdw	A:GLY:503:C	A:LEU:505:N
0	vdw	A:GLY:503:O	A:LEU:505:N
0	vdw	A:LEU:505:N	A:PRO:502:O
0	vdw	A:ALA:479:C	A:ILE:445:CG1
0	vdw	A:ALA:479:O	A:ILE:445:CG1
0	vdw	A:ALA:479:O	A:PHE:446:N
0	vdw	A:PHE:446:O	A:SER:480:C
0	vdw	A:GLN:481:N	A:PHE:446:O
0	vdw	A:PHE:446:O	A:SER:480:CA
0	vdw	A:PHE:446:CA	A:THR:382:O
0	vdw	A:PHE:446:C	A:THR:382:O
0	vdw	A:LEU:447:N	A:THR:382:O
0	vdw	A:LEU:473:CD1	A:PHE:446:CB
0	vdw	A:LEU:473:CD1	A:PHE:446:CG
0	vdw	A:LEU:384:CD1	A:LEU:386:CD1
0	vdw	A:LYS:553:CG	A:PRO:518:CB
0	vdw	A:GLN:554:CG	A:PRO:518:CA
0	vdw	A:ASP:556:CA	A:ILE:514:CG2
0	vdw	A:ASP:556:CB	A:ILE:514:CG2
0	vdw	A:ILE:514:CG2	A:LEU:511:CD2
0	vdw	A:ASP:556:CB	A:LEU:511:CD2
0	vdw	A:ASP:556:N	A:GLN:554:C
0	vdw	A:HIS:700:CE1	A:LEU:511:CD1
0	vdw	A:HIS:700:ND1	A:LEU:511:CD1
0	vdw	A:HIS:700:NE2	A:LEU:511:CD1
0	vdw	A:ALA:506:C	A:LEU:508:N
0	vdw	A:ALA:506:O	A:LEU:508:N
0	vdw	A:ALA:506:O	A:GLN:736:N
0	vdw	A:ARG:735:CB	A:LYS:507:O
0	vdw	A:GLY:503:O	A:LYS:507:N
0	vdw	A:GLY:503:O	A:LYS:507:CB
0	vdw	A:LEU:473:CD2	A:PHE:446:CD2
0	vdw	A:ILE:469:CG2	A:LEU:473:CD1
0	vdw	A:ILE:469:O	A:LEU:473:CG
0	vdw	A:LEU:473:CD1	A:SER:480:CB
0	vdw	A:VAL:431:O	A:VAL:435:CB
0	vdw	A:VAL:431:O	A:VAL:435:CG2
0	vdw	A:LYS:433:C	A:VAL:435:N
0	vdw	A:GLU:432:O	A:VAL:435:N
0	vdw	A:LYS:434:CA	A:VAL:431:O
0	vdw	A:LYS:434:C	A:VAL:431:O
0	vdw	A:LYS:434:CB	A:VAL:431:O
0	vdw	A:VAL:431:O	A:VAL:435:N
0	vdw	A:GLU:430:O	A:LYS:434:CA
0	vdw	A:GLU:430:O	A:LYS:434:CB
0	vdw	A:GLU:430:O	A:LYS:434:N
0	vdw	A:LYS:434:N	A:VAL:431:O
0	vdw	A:LEU:519:O	A:LYS:553:CG
0	vdw	A:LEU:519:O	A:LYS:553:CE
0	vdw	A:GLN:554:N	A:GLY:552:C
0	vdw	A:ASP:523:O	A:GLY:552:C
0	vdw	A:ASP:523:O	A:LYS:553:N
0	vdw	A:ASP:523:O	A:LYS:553:CA
0	vdw	A:GLN:554:N	A:GLY:552:O
0	vdw	A:GLY:552:C	A:GLY:555:N
0	vdw	A:ASP:556:OD1	A:GLY:552:CA
0	vdw	A:ASP:556:O	A:GLY:552:N
0	vdw	A:GLY:552:N	A:ILE:558:CD1
0	vdw	A:GLY:552:CA	A:ILE:558:CD1
0	vdw	A:ASP:556:C	A:ILE:558:N
0	vdw	A:ASP:556:O	A:ILE:558:N
0	vdw	A:ASP:556:O	A:ILE:558:CG1
0	vdw	A:PHE:557:CA	A:TYR:551:CD1
0	vdw	A:ILE:550:O	A:ILE:558:N
0	vdw	A:ASP:556:O	A:TYR:551:CA
0	vdw	A:ASP:556:O	A:TYR:551:C
0	vdw	A:GLY:555:O	A:PHE:557:N
0	vdw	A:ASP:734:C	A:PHE:557:CE1
0	vdw	A:ARG:559:CA	A:PHE:557:CZ
0	vdw	A:ARG:559:C	A:PHE:557:CZ
0	vdw	A:PHE:557:CZ	A:TYR:560:N
0	vdw	A:PHE:557:CZ	A:TRP:738:CH2
0	vdw	A:GLN:736:CG	A:PHE:557:CD1
0	vdw	A:GLN:736:CG	A:PHE:557:CE1
0	vdw	A:ARG:735:N	A:GLY:733:C
0	vdw	A:ARG:735:O	A:TYR:560:CD1
0	vdw	A:ARG:735:O	A:TYR:560:CE1
0	vdw	A:ARG:735:C	A:PHE:737:N
0	vdw	A:ARG:735:O	A:PHE:737:N
0	vdw	A:LEU:474:N	A:TYR:472:C
0	vdw	A:ASN:475:N	A:LEU:473:C
0	vdw	A:ARG:476:N	A:LEU:473:C
0	vdw	A:ASN:475:N	A:LEU:473:O
0	vdw	A:ARG:476:N	A:LEU:473:O
0	vdw	A:LEU:474:N	A:TYR:470:O
0	vdw	A:ILE:469:O	A:LEU:473:N
0	vdw	A:ILE:469:O	A:LEU:473:CB
0	vdw	A:ARG:476:NH1	A:TYR:472:C
0	vdw	A:LEU:473:N	A:SER:471:C
0	vdw	A:LEU:473:N	A:SER:471:O
0	vdw	A:LEU:473:N	A:TYR:470:O
0	vdw	A:ILE:469:O	A:TYR:472:CB
0	vdw	A:ASN:436:ND2	A:GLU:432:O
0	vdw	A:GLU:432:C	A:LYS:434:N
0	vdw	A:GLU:432:O	A:LYS:434:N
0	vdw	A:ALA:429:O	A:LYS:433:N
0	vdw	A:ALA:429:O	A:LYS:433:CB
0	vdw	A:GLU:430:O	A:LYS:433:N
0	vdw	A:GLU:430:O	A:LYS:433:CB
0	vdw	A:LYS:433:N	A:VAL:431:C
0	vdw	A:LYS:433:N	A:VAL:431:O
0	vdw	A:ILE:550:O	A:ILE:558:CA
0	vdw	A:ILE:550:O	A:ILE:558:CB
0	vdw	A:ARG:559:CA	A:GLY:733:O
0	vdw	A:ARG:559:C	A:GLY:733:O
0	vdw	A:ARG:559:CB	A:GLY:733:O
0	vdw	A:GLY:733:O	A:TYR:560:N
0	vdw	A:ARG:559:N	A:ILE:550:O
0	vdw	A:ARG:559:O	A:ILE:550:N
0	vdw	A:ARG:559:C	A:PHE:557:CE2
0	vdw	A:ARG:559:O	A:PHE:557:CE2
0	vdw	A:GLY:733:C	A:TYR:560:CD1
0	vdw	A:GLY:733:O	A:TYR:560:CD1
0	vdw	A:GLY:733:C	A:TYR:560:CE1
0	vdw	A:GLY:733:O	A:TYR:560:CE1
0	vdw	A:GLY:733:N	A:TYR:560:CE1
0	vdw	A:TRP:738:CZ3	A:TYR:560:CD1
0	vdw	A:PRO:728:CB	A:TYR:560:OH
0	vdw	A:PHE:737:CE1	A:TYR:560:CE2
0	vdw	A:PHE:737:CE1	A:TYR:560:CZ
0	vdw	A:PRO:728:CG	A:TYR:560:OH
0	vdw	A:LEU:562:CG	A:TYR:560:CE2
0	vdw	A:LEU:562:CD1	A:TYR:560:CE2
0	vdw	A:LEU:474:O	A:PRO:728:CA
0	vdw	A:LEU:474:CG	A:PRO:728:CA
0	vdw	A:ARG:476:N	A:LEU:474:C
0	vdw	A:ARG:476:N	A:LEU:474:O
0	vdw	A:ASN:475:N	A:SER:471:O
0	vdw	A:LEU:474:CA	A:TYR:470:O
0	vdw	A:ARG:476:NH1	A:TYR:472:CA
0	vdw	A:ARG:476:NH1	A:TYR:472:O
0	vdw	A:ASN:475:CB	A:SER:471:O
0	vdw	A:ILE:469:O	A:TYR:472:CA
0	vdw	A:ASN:436:ND2	A:GLU:432:CG
0	vdw	A:GLU:432:CG	A:TYR:472:OH
0	vdw	A:GLU:432:CG	A:TYR:472:CZ
0	vdw	A:ASP:523:OD2	A:LYS:589:CA
0	vdw	A:ASP:523:CB	A:THR:590:O
0	vdw	A:ASP:523:OD2	A:THR:590:N
0	vdw	A:CYS:524:SG	A:LYS:589:CD
0	vdw	A:LEU:586:O	A:LYS:589:CB
0	vdw	A:LEU:586:O	A:LYS:589:CG
0	vdw	A:GLU:732:CA	A:TYR:560:O
0	vdw	A:GLY:733:N	A:TYR:560:O
0	vdw	A:ARG:561:CA	A:LEU:731:O
0	vdw	A:ARG:561:C	A:LEU:731:O
0	vdw	A:LEU:562:CB	A:LEU:731:O
0	vdw	A:LEU:562:N	A:LEU:731:O
0	vdw	A:LEU:562:CA	A:LEU:731:O
0	vdw	A:GLY:733:N	A:TYR:560:CE2
0	vdw	A:GLY:733:N	A:TYR:560:CZ
0	vdw	A:ILE:548:O	A:TYR:560:C
0	vdw	A:GLU:732:N	A:VAL:730:C
0	vdw	A:GLU:732:N	A:VAL:730:O
0	vdw	A:PRO:728:C	A:VAL:730:O
0	vdw	A:PRO:728:CB	A:VAL:730:O
0	vdw	A:LEU:562:N	A:LEU:731:C
0	vdw	A:PRO:728:C	A:VAL:730:N
0	vdw	A:PRO:728:O	A:VAL:730:N
0	vdw	A:ASN:475:CG	A:SER:471:O
0	vdw	A:LEU:586:O	A:LYS:589:N
0	vdw	A:LEU:586:O	A:LYS:589:CA
0	vdw	A:ASN:615:O	A:GLY:588:CA
0	vdw	A:GLY:588:N	A:LEU:586:C
0	vdw	A:GLY:588:N	A:LEU:586:O
0	vdw	A:ALA:616:CB	A:LEU:586:O
0	vdw	A:LEU:586:N	A:PRO:582:O
0	vdw	A:LEU:586:CB	A:PRO:582:O
0	vdw	A:LEU:586:CG	A:PRO:582:O
0	vdw	A:ILE:614:CD1	A:LEU:586:CB
0	vdw	A:ARG:561:NE	A:PRO:582:CB
0	vdw	A:ARG:561:NH1	A:PRO:582:CB
0	vdw	A:ARG:561:CZ	A:PRO:582:CB
0	vdw	A:ARG:561:NE	A:PRO:582:CG
0	vdw	A:ARG:561:NH1	A:PRO:582:CG
0	vdw	A:ARG:561:CZ	A:PRO:582:CG
0	vdw	A:ARG:561:NH1	A:PRO:582:CD
0	vdw	A:ARG:561:CZ	A:PRO:582:CD
0	vdw	A:ILE:580:C	A:PRO:582:N
0	vdw	A:ILE:580:C	A:PRO:582:CD
0	vdw	A:ILE:580:O	A:PRO:582:CD
0	vdw	A:ARG:561:NH1	A:LYS:579:O
0	vdw	A:ARG:561:CB	A:ILE:548:CG1
0	vdw	A:LEU:562:O	A:LEU:731:CB
0	vdw	A:ASN:615:C	A:GLY:588:N
0	vdw	A:ASN:615:O	A:GLY:588:N
0	vdw	A:ALA:611:O	A:ASN:615:C
0	vdw	A:GLY:588:N	A:ILE:614:O
0	vdw	A:ALA:616:N	A:ILE:614:O
0	vdw	A:ALA:616:N	A:ILE:614:C
0	vdw	A:ALA:611:O	A:ALA:616:N
0	vdw	A:ARG:610:O	A:ILE:614:CG1
0	vdw	A:ALA:616:CB	A:ILE:614:CG1
0	vdw	A:ALA:616:CB	A:ILE:614:CD1
0	vdw	A:ALA:611:O	A:ILE:614:CG1
0	vdw	A:ARG:610:NH2	A:LEU:581:O
0	vdw	A:ARG:610:NH2	A:THR:583:N
0	vdw	A:ARG:610:CZ	A:LEU:581:O
0	vdw	A:ARG:610:NE	A:LEU:581:O
0	vdw	A:ARG:561:NH1	A:PRO:582:CA
0	vdw	A:LYS:579:CA	A:PHE:576:O
0	vdw	A:LEU:581:N	A:LYS:579:C
0	vdw	A:ALA:611:O	A:ASN:615:CA
0	vdw	A:ILE:614:N	A:LYS:612:O
0	vdw	A:ASN:615:N	A:LYS:612:O
0	vdw	A:ALA:613:C	A:ASN:615:N
0	vdw	A:ALA:611:O	A:ILE:614:N
0	vdw	A:ILE:614:N	A:LYS:612:C
0	vdw	A:ALA:611:O	A:ILE:614:C
0	vdw	A:ALA:611:O	A:ASN:615:N
0	vdw	A:ASN:615:N	A:LYS:612:C
0	vdw	A:ARG:610:O	A:ILE:614:N
0	vdw	A:ARG:610:NH1	A:ILE:614:CG2
0	vdw	A:ARG:610:CZ	A:ILE:614:CG2
0	vdw	A:ARG:610:NE	A:ILE:614:CG2
0	vdw	A:ARG:610:NH2	A:ILE:614:CG2
0	vdw	A:ARG:575:O	A:LYS:579:CG
0	vdw	A:ALA:613:CA	A:ARG:610:O
0	vdw	A:ALA:609:O	A:ALA:613:CB
0	vdw	A:ALA:613:CB	A:ARG:610:O
0	vdw	A:LYS:494:CB	A:TYR:401:OH
0	vdw	A:LEU:497:CD1	A:TYR:401:CE2
0	vdw	A:TYR:401:OH	A:TYR:498:CE1
0	vdw	A:GLU:397:CG	A:LYS:393:O
0	vdw	A:GLU:397:CB	A:LEU:497:CD1
0	vdw	A:GLU:397:CB	A:PHE:394:O
0	vdw	A:LYS:393:C	A:VAL:395:N
0	vdw	A:LYS:393:O	A:VAL:395:N
0	vdw	A:PHE:394:N	A:TYR:493:CE2
0	vdw	A:PHE:394:N	A:VAL:391:O
0	vdw	A:LYS:393:N	A:VAL:391:C
0	vdw	A:LYS:393:N	A:VAL:391:O
0	vdw	A:GLU:352:C	A:LEU:354:N
0	vdw	A:GLU:352:O	A:LEU:354:N
0	vdw	A:GLU:352:O	A:LYS:355:N
0	vdw	A:GLU:352:O	A:LYS:355:CA
0	vdw	A:GLU:352:O	A:LYS:355:CB
0	vdw	A:ILE:353:C	A:LYS:355:N
0	vdw	A:ILE:353:O	A:LYS:355:N
0	vdw	A:GLU:352:C	A:ILE:349:O
0	vdw	A:LEU:354:CD2	A:TYR:405:OH
0	vdw	A:LEU:354:CD2	A:TYR:498:CD1
0	vdw	A:TYR:401:CE1	A:TYR:498:CE1
0	vdw	A:LEU:497:CD1	A:TYR:401:CD2
0	vdw	A:LEU:497:CB	A:LYS:494:O
0	vdw	A:LEU:497:CB	A:TYR:493:O
0	vdw	A:LEU:497:CD2	A:VAL:398:CG2
0	vdw	A:ILE:500:CD1	A:LEU:497:CD2
0	vdw	A:LEU:497:CG	A:TYR:493:O
0	vdw	A:LEU:497:CD1	A:TYR:493:O
0	vdw	A:PHE:394:CA	A:VAL:391:O
0	vdw	A:PHE:394:C	A:VAL:391:O
0	vdw	A:PHE:394:CB	A:VAL:391:O
0	vdw	A:VAL:391:O	A:VAL:395:N
0	vdw	A:PHE:394:CA	A:TYR:493:CD2
0	vdw	A:PHE:394:CA	A:TYR:493:CE2
0	vdw	A:PHE:394:CB	A:TYR:493:CE2
0	vdw	A:GLY:392:N	A:LYS:390:C
0	vdw	A:GLY:348:N	A:LEU:340:O
0	vdw	A:GLY:348:O	A:LEU:339:CA
0	vdw	A:GLY:348:O	A:LEU:339:C
0	vdw	A:GLY:348:O	A:LEU:340:N
0	vdw	A:GLY:348:O	A:LEU:340:CA
0	vdw	A:GLY:348:O	A:LEU:340:O
0	vdw	A:GLY:348:O	A:LEU:340:CB
0	vdw	A:GLU:352:OE2	A:GLY:348:CA
0	vdw	A:LEU:340:CB	A:PHE:342:CE2
0	vdw	A:ILE:353:CA	A:PHE:342:CZ
0	vdw	A:PHE:342:CE1	A:PHE:513:CG
0	vdw	A:PHE:342:CE1	A:PHE:513:CD1
0	vdw	A:PHE:342:CZ	A:PHE:513:CG
0	vdw	A:ILE:353:CG2	A:PHE:513:CE1
0	vdw	A:ILE:353:CG2	A:LEU:703:CD2
0	vdw	A:PRO:502:CD	A:TYR:498:C
0	vdw	A:PRO:502:CD	A:TYR:498:O
0	vdw	A:ILE:500:C	A:PRO:502:CD
0	vdw	A:ILE:501:N	A:LEU:497:O
0	vdw	A:ILE:501:CB	A:LEU:497:O
0	vdw	A:ILE:501:CG1	A:LEU:497:O
0	vdw	A:ILE:500:CG1	A:LEU:497:O
0	vdw	A:GLN:499:N	A:LEU:497:O
0	vdw	A:ILE:500:N	A:LEU:497:O
0	vdw	A:GLN:499:C	A:ILE:501:N
0	vdw	A:PHE:394:CE1	A:VAL:398:CG2
0	vdw	A:ILE:500:CD1	A:PHE:394:CZ
0	vdw	A:PHE:394:O	A:VAL:398:CG2
0	vdw	A:ILE:496:O	A:ILE:500:CG1
0	vdw	A:ILE:500:CG1	A:LEU:497:CA
0	vdw	A:PHE:394:CD1	A:PHE:449:CZ
0	vdw	A:ILE:483:CD1	A:PHE:394:CE1
0	vdw	A:PHE:449:CZ	A:VAL:391:CB
0	vdw	A:PHE:449:CE2	A:VAL:391:CG2
0	vdw	A:PHE:449:CE1	A:VAL:391:CB
0	vdw	A:ARG:385:CG	A:CYS:387:SG
0	vdw	A:ARG:385:CG	A:CYS:387:O
0	vdw	A:ARG:385:CD	A:CYS:387:O
0	vdw	A:ARG:385:CD	A:MET:389:O
0	vdw	A:ARG:385:NH2	A:PRO:416:CB
0	vdw	A:ARG:385:NH1	A:CYS:387:O
0	vdw	A:ARG:385:NH1	A:GLU:388:C
0	vdw	A:ARG:385:NH1	A:GLU:388:O
0	vdw	A:ARG:385:NH1	A:MET:389:C
0	vdw	A:ARG:385:NH1	A:MET:389:O
0	vdw	A:ALA:516:CB	A:LEU:339:CB
0	vdw	A:ALA:516:CB	A:LEU:339:C
0	vdw	A:ALA:516:CB	A:LEU:339:O
0	vdw	A:ALA:516:N	A:LEU:339:O
0	vdw	A:ILE:514:O	A:LEU:340:CA
0	vdw	A:ILE:514:O	A:LEU:340:C
0	vdw	A:ILE:514:O	A:LEU:340:CB
0	vdw	A:ILE:353:CD1	A:PHE:513:CZ
0	vdw	A:LEU:697:O	A:PHE:513:CE2
0	vdw	A:LEU:340:CD1	A:PHE:513:CD2
0	vdw	A:LEU:340:CD1	A:PHE:513:CE2
0	vdw	A:ILE:500:C	A:PRO:502:N
0	vdw	A:GLY:503:N	A:ILE:500:C
0	vdw	A:GLY:503:N	A:ILE:500:O
0	vdw	A:GLY:503:N	A:ILE:501:C
0	vdw	A:HIS:700:O	A:PRO:502:C
0	vdw	A:HIS:700:O	A:PRO:502:CB
0	vdw	A:GLY:503:N	A:HIS:700:O
0	vdw	A:ILE:504:N	A:PRO:502:C
0	vdw	A:PRO:502:CG	A:TYR:498:O
0	vdw	A:GLY:503:CA	A:ILE:500:O
0	vdw	A:GLY:503:C	A:ILE:500:O
0	vdw	A:ILE:500:O	A:ILE:504:N
0	vdw	A:ILE:501:C	A:ILE:504:N
0	vdw	A:GLN:481:O	A:LEU:447:CA
0	vdw	A:LEU:384:O	A:VAL:448:C
0	vdw	A:LEU:384:O	A:PHE:449:N
0	vdw	A:ARG:385:O	A:PRO:416:CA
0	vdw	A:ARG:385:O	A:PRO:416:C
0	vdw	A:ARG:385:O	A:LEU:417:N
0	vdw	A:ARG:385:O	A:LEU:417:CA
0	vdw	A:ARG:385:C	A:CYS:387:N
0	vdw	A:ARG:385:O	A:LEU:417:O
0	vdw	A:LEU:417:C	A:VAL:419:N
0	vdw	A:GLU:517:N	A:LEU:515:C
0	vdw	A:ALA:516:N	A:ILE:514:O
0	vdw	A:GLN:554:O	A:LEU:515:CA
0	vdw	A:GLN:554:O	A:LEU:515:CB
0	vdw	A:GLN:554:O	A:LEU:515:CG
0	vdw	A:GLN:554:O	A:LEU:515:N
0	vdw	A:HIS:700:NE2	A:PHE:513:O
0	vdw	A:HIS:700:NE2	A:LEU:698:O
0	vdw	A:ALA:506:CB	A:HIS:700:CB
0	vdw	A:HIS:700:CG	A:LEU:698:O
0	vdw	A:HIS:700:CD2	A:LEU:698:O
0	vdw	A:ALA:506:CB	A:PRO:502:O
0	vdw	A:HIS:700:O	A:PRO:502:O
0	vdw	A:ILE:504:N	A:PRO:502:O
0	vdw	A:ALA:506:CB	A:GLY:503:O
0	vdw	A:ALA:506:CB	A:LEU:739:CD1
0	vdw	A:ALA:702:N	A:HIS:700:C
0	vdw	A:GLY:503:O	A:LYS:507:CG
0	vdw	A:GLY:503:CA	A:GLY:701:CA
0	vdw	A:GLN:481:OE1	A:LYS:507:NZ
0	vdw	A:LYS:507:NZ	A:SER:480:O
0	vdw	A:GLN:481:CD	A:LYS:507:NZ
0	vdw	A:LEU:739:C	A:LYS:507:NZ
0	vdw	A:LEU:739:O	A:LYS:507:NZ
0	vdw	A:GLN:481:O	A:VAL:448:N
0	vdw	A:PHE:482:CD1	A:VAL:448:CB
0	vdw	A:PHE:482:CE1	A:VAL:448:CB
0	vdw	A:PHE:482:CD1	A:VAL:448:CG1
0	vdw	A:LEU:384:O	A:VAL:448:CA
0	vdw	A:LEU:384:CG	A:LEU:386:CD1
0	vdw	A:LEU:384:CD2	A:LEU:386:CD1
0	vdw	A:LEU:417:CD2	A:VAL:431:CA
0	vdw	A:LEU:417:CD2	A:VAL:419:CG1
0	vdw	A:LEU:417:CD2	A:VAL:431:CG2
0	vdw	A:GLU:430:CD	A:LEU:417:CD1
0	vdw	A:GLU:430:OE1	A:LEU:417:CD1
0	vdw	A:GLU:430:CG	A:LEU:417:CD1
0	vdw	A:LEU:417:CG	A:VAL:419:CG1
0	vdw	A:LYS:553:O	A:PRO:518:CA
0	vdw	A:LYS:553:O	A:PRO:518:C
0	vdw	A:GLU:517:O	A:LEU:515:CB
0	vdw	A:GLY:552:O	A:GLY:555:N
0	vdw	A:GLY:552:O	A:GLY:555:CA
0	vdw	A:GLY:555:CA	A:LEU:698:CD1
0	vdw	A:GLY:555:C	A:LEU:698:CD1
0	vdw	A:GLY:555:O	A:LEU:698:CD1
0	vdw	A:GLY:555:O	A:TYR:551:CD1
0	vdw	A:GLN:736:NE2	A:HIS:700:ND1
0	vdw	A:GLN:736:CD	A:LEU:739:CD1
0	vdw	A:GLN:736:OE1	A:LEU:739:CD1
0	vdw	A:GLN:736:CB	A:LEU:739:CD1
0	vdw	A:GLN:736:CB	A:TRP:738:CH2
0	vdw	A:GLN:736:CG	A:TRP:738:CH2
0	vdw	A:GLN:736:O	A:LYS:507:CG
0	vdw	A:LYS:507:CD	A:SER:480:O
0	vdw	A:LYS:507:CE	A:SER:480:O
0	vdw	A:GLN:736:O	A:TRP:738:N
0	vdw	A:LEU:739:O	A:LYS:507:CD
0	vdw	A:LEU:739:C	A:LYS:507:CE
0	vdw	A:LEU:739:O	A:LYS:507:CE
0	vdw	A:GLN:736:O	A:LEU:739:N
0	vdw	A:GLN:736:O	A:LEU:739:CB
0	vdw	A:GLN:736:O	A:LEU:739:CG
0	vdw	A:SER:480:OG	A:TYR:470:CD2
0	vdw	A:SER:480:OG	A:TYR:470:CE2
0	vdw	A:PHE:482:CE2	A:SER:480:CB
0	vdw	A:PHE:482:CE2	A:SER:480:OG
0	vdw	A:ILE:469:CG1	A:VAL:431:CG1
0	vdw	A:ILE:469:CB	A:PHE:465:O
0	vdw	A:ILE:469:CG1	A:PHE:465:O
0	vdw	A:ARG:428:O	A:VAL:431:CA
0	vdw	A:ARG:428:O	A:VAL:431:CB
0	vdw	A:SER:427:O	A:VAL:431:CB
0	vdw	A:ARG:428:O	A:VAL:431:N
0	vdw	A:ALA:429:C	A:VAL:431:N
0	vdw	A:ALA:429:O	A:VAL:431:N
0	vdw	A:GLU:430:CA	A:SER:427:O
0	vdw	A:GLU:430:CB	A:SER:427:O
0	vdw	A:SER:427:O	A:VAL:431:N
0	vdw	A:ARG:428:C	A:VAL:431:N
0	vdw	A:ASP:426:O	A:GLU:430:CB
0	vdw	A:LEU:519:N	A:LYS:553:O
0	vdw	A:LEU:519:CA	A:LYS:553:O
0	vdw	A:ALA:522:O	A:LEU:519:O
0	vdw	A:ILE:521:N	A:LEU:519:C
0	vdw	A:ILE:521:N	A:LEU:519:O
0	vdw	A:GLY:552:O	A:PHE:525:CE2
0	vdw	A:LEU:519:CD1	A:PHE:525:CE2
0	vdw	A:LEU:519:CG	A:LYS:553:O
0	vdw	A:GLY:555:N	A:LYS:553:C
0	vdw	A:LEU:519:CB	A:LYS:553:O
0	vdw	A:PHE:557:CD2	A:TYR:551:CZ
0	vdw	A:PRO:711:CG	A:TYR:551:CD2
0	vdw	A:MET:710:CG	A:TYR:551:CZ
0	vdw	A:PHE:557:CE2	A:TRP:738:CH2
0	vdw	A:GLN:736:CA	A:TRP:738:CE3
0	vdw	A:GLN:736:CA	A:TRP:738:CH2
0	vdw	A:GLN:736:CA	A:TRP:738:CZ3
0	vdw	A:GLN:736:C	A:TRP:738:CE3
0	vdw	A:MET:718:SD	A:TRP:738:CE3
0	vdw	A:ARG:549:CD	A:TRP:738:CZ2
0	vdw	A:GLN:736:C	A:TRP:738:N
0	vdw	A:LEU:474:CD1	A:PHE:737:CB
0	vdw	A:LEU:474:CD1	A:PHE:737:CG
0	vdw	A:PHE:737:C	A:TYR:470:OH
0	vdw	A:PHE:737:CD2	A:TYR:470:OH
0	vdw	A:LEU:739:N	A:PHE:737:C
0	vdw	A:LEU:474:CD1	A:PRO:728:CG
0	vdw	A:PHE:737:O	A:TYR:470:OH
0	vdw	A:LEU:739:N	A:PHE:737:O
0	vdw	A:LEU:474:CB	A:TYR:470:O
0	vdw	A:TYR:470:O	A:TYR:472:N
0	vdw	A:PHE:482:CE2	A:TYR:470:CD2
0	vdw	A:ILE:469:C	A:SER:471:N
0	vdw	A:ILE:469:O	A:SER:471:N
0	vdw	A:GLN:468:O	A:TYR:470:N
0	vdw	A:GLN:468:O	A:SER:471:N
0	vdw	A:ILE:469:C	A:TYR:472:N
0	vdw	A:ILE:469:O	A:TYR:472:N
0	vdw	A:TYR:470:C	A:TYR:472:N
0	vdw	A:TYR:466:O	A:TYR:470:N
0	vdw	A:HIS:467:O	A:TYR:470:N
0	vdw	A:TYR:466:O	A:TYR:470:CA
0	vdw	A:HIS:467:O	A:SER:471:N
0	vdw	A:GLN:468:C	A:TYR:470:N
0	vdw	A:PHE:482:CZ	A:TYR:470:N
0	vdw	A:PHE:482:CZ	A:TYR:470:CA
0	vdw	A:GLN:468:O	A:TYR:472:CD2
0	vdw	A:GLU:432:CB	A:TYR:472:CE2
0	vdw	A:GLN:468:O	A:TYR:472:CG
0	vdw	A:GLN:468:CG	A:TYR:472:CE2
0	vdw	A:ILE:469:CA	A:PHE:465:O
0	vdw	A:ARG:428:O	A:GLU:432:N
0	vdw	A:ALA:429:O	A:GLU:432:N
0	vdw	A:ALA:429:O	A:GLU:432:CA
0	vdw	A:ARG:428:O	A:GLU:432:CB
0	vdw	A:ALA:429:O	A:GLU:432:CB
0	vdw	A:GLU:430:C	A:GLU:432:N
0	vdw	A:GLU:430:O	A:GLU:432:N
0	vdw	A:ARG:428:O	A:GLU:430:N
0	vdw	A:ARG:428:C	A:GLU:430:N
0	vdw	A:ASP:426:O	A:GLU:430:N
0	vdw	A:ARG:428:O	A:GLN:468:NE2
0	vdw	A:GLU:430:N	A:SER:427:C
0	vdw	A:GLU:430:N	A:SER:427:O
0	vdw	A:ALA:429:CB	A:SER:425:O
0	vdw	A:ALA:429:CB	A:ASP:426:O
0	vdw	A:ALA:522:N	A:GLU:520:O
0	vdw	A:ALA:522:C	A:CYS:524:N
0	vdw	A:ALA:522:CA	A:THR:590:O
0	vdw	A:ALA:522:C	A:THR:590:O
0	vdw	A:ASP:523:N	A:THR:590:O
0	vdw	A:CYS:524:CA	A:TYR:551:O
0	vdw	A:ASP:523:CA	A:THR:590:O
0	vdw	A:CYS:524:N	A:THR:590:O
0	vdw	A:GLY:552:O	A:PHE:525:CD2
0	vdw	A:CYS:524:C	A:TYR:551:O
0	vdw	A:PHE:525:N	A:TYR:551:O
0	vdw	A:ARG:549:O	A:PHE:525:O
0	vdw	A:ILE:550:CA	A:PHE:525:O
0	vdw	A:ILE:550:C	A:PHE:525:O
0	vdw	A:PHE:525:O	A:TYR:551:N
0	vdw	A:CYS:524:CB	A:TYR:551:O
0	vdw	A:ARG:549:O	A:ILE:526:CA
0	vdw	A:LEU:562:CG	A:TYR:560:CD2
0	vdw	A:PHE:737:CD1	A:PRO:728:CG
0	vdw	A:PHE:737:CE1	A:PRO:728:CG
0	vdw	A:PHE:737:CE1	A:PRO:728:CD
0	vdw	A:PHE:737:CZ	A:PRO:728:CG
0	vdw	A:PHE:737:CZ	A:PRO:728:CD
0	vdw	A:MET:718:CE	A:PHE:737:CZ
0	vdw	A:LEU:474:CG	A:PRO:728:CG
0	vdw	A:LEU:474:CG	A:PRO:728:CD
0	vdw	A:LEU:474:CD2	A:PRO:728:CD
0	vdw	A:LEU:474:CG	A:TYR:727:C
0	vdw	A:LEU:474:CG	A:PRO:728:N
0	vdw	A:LEU:474:CD2	A:TYR:727:CA
0	vdw	A:LEU:474:CD2	A:TYR:727:C
0	vdw	A:LEU:474:CD2	A:PRO:728:N
0	vdw	A:LEU:474:CD2	A:TYR:727:N
0	vdw	A:ASN:475:ND2	A:SER:471:O
0	vdw	A:ASN:475:ND2	A:SER:471:OG
0	vdw	A:GLN:468:O	A:SER:471:CB
0	vdw	A:GLN:468:O	A:TYR:472:N
0	vdw	A:HIS:467:O	A:SER:471:CA
0	vdw	A:HIS:467:O	A:SER:471:CB
0	vdw	A:GLU:432:CD	A:TYR:472:CZ
0	vdw	A:GLU:432:CD	A:TYR:472:OH
0	vdw	A:GLU:432:OE2	A:TYR:472:OH
0	vdw	A:ILE:619:CD1	A:THR:590:CG2
0	vdw	A:LYS:617:O	A:THR:590:CA
0	vdw	A:ILE:521:O	A:THR:590:CG2
0	vdw	A:CYS:524:O	A:VAL:591:CA
0	vdw	A:CYS:524:O	A:VAL:591:C
0	vdw	A:CYS:524:O	A:LEU:592:N
0	vdw	A:LYS:617:O	A:THR:590:C
0	vdw	A:LYS:617:O	A:VAL:591:N
0	vdw	A:LYS:617:O	A:VAL:591:CA
0	vdw	A:ALA:522:CB	A:CYS:524:O
0	vdw	A:ALA:522:CB	A:THR:590:O
0	vdw	A:ILE:526:CD1	A:VAL:591:CG1
0	vdw	A:ILE:526:CD1	A:LEU:581:CD2
0	vdw	A:ARG:561:N	A:ILE:548:O
0	vdw	A:ARG:561:O	A:ILE:548:O
0	vdw	A:ILE:548:CG1	A:ILE:580:O
0	vdw	A:ILE:548:O	A:TYR:560:CA
0	vdw	A:ILE:548:O	A:TYR:560:CB
0	vdw	A:ARG:561:O	A:SER:547:CA
0	vdw	A:ARG:561:O	A:SER:547:C
0	vdw	A:ARG:561:O	A:ILE:548:N
0	vdw	A:LEU:562:CD1	A:PRO:728:CD
0	vdw	A:LEU:562:CD2	A:SER:547:CB
0	vdw	A:LEU:562:CD2	A:MET:718:CE
0	vdw	A:ARG:722:NH1	A:TYR:727:CG
0	vdw	A:ARG:722:NH1	A:TYR:727:CD2
0	vdw	A:ARG:722:CD	A:TYR:727:CG
0	vdw	A:ASN:475:OD1	A:TYR:727:O
0	vdw	A:GLY:725:C	A:TYR:727:CD1
0	vdw	A:ARG:722:CD	A:TYR:727:CD1
0	vdw	A:ARG:722:CZ	A:TYR:727:CD1
0	vdw	A:HIS:681:CE1	A:LYS:617:CD
0	vdw	A:ALA:616:C	A:LYS:589:O
0	vdw	A:LYS:589:O	A:LYS:617:N
0	vdw	A:ALA:616:CA	A:LYS:589:O
0	vdw	A:ALA:616:CB	A:LYS:589:O
0	vdw	A:HIS:681:CG	A:LYS:617:CB
0	vdw	A:PHE:618:CE1	A:VAL:591:CB
0	vdw	A:PHE:618:CE1	A:VAL:591:CG2
0	vdw	A:ALA:616:CB	A:PHE:618:CE1
0	vdw	A:PHE:618:CD1	A:VAL:591:CB
0	vdw	A:LEU:581:CB	A:LEU:586:CD1
0	vdw	A:ILE:548:CD1	A:ILE:580:C
0	vdw	A:ILE:548:CD1	A:ILE:580:O
0	vdw	A:ARG:722:NH1	A:TYR:727:CE2
0	vdw	A:ARG:722:NH1	A:TYR:727:OH
0	vdw	A:ARG:722:NH1	A:TYR:727:CZ
0	vdw	A:ARG:722:NH2	A:TYR:727:CZ
0	vdw	A:ARG:722:NH2	A:GLY:564:CA
0	vdw	A:ARG:722:NH2	A:GLY:564:C
0	vdw	A:ARG:722:CZ	A:TYR:727:CE2
0	vdw	A:ARG:722:NH2	A:GLY:564:O
0	vdw	A:ARG:722:NH1	A:TYR:727:CD1
0	vdw	A:ARG:722:CZ	A:TYR:727:CE1
0	vdw	A:ARG:722:CZ	A:TYR:727:OH
0	vdw	A:ARG:722:CZ	A:TYR:727:CZ
0	vdw	A:GLY:725:C	A:TYR:727:CE1
0	vdw	A:ALA:611:O	A:ALA:616:O
0	vdw	A:ALA:611:CB	A:ALA:616:O
0	vdw	A:ALA:611:O	A:ALA:616:CA
0	vdw	A:LEU:577:O	A:LEU:581:CA
0	vdw	A:LEU:577:O	A:LEU:581:CB
0	vdw	A:LEU:577:O	A:LEU:581:CG
0	vdw	A:ILE:580:N	A:LEU:577:O
0	vdw	A:LEU:577:O	A:LEU:581:N
0	vdw	A:LEU:577:O	A:LYS:579:N
0	vdw	A:ILE:580:N	A:PHE:576:O
0	vdw	A:ILE:580:CG1	A:PHE:576:O
0	vdw	A:LYS:579:CB	A:PHE:576:O
0	vdw	A:GLU:578:N	A:PHE:576:O
0	vdw	A:LYS:579:N	A:PHE:576:O
0	vdw	A:LEU:577:C	A:LYS:579:N
0	vdw	A:GLU:578:C	A:ILE:580:N
0	vdw	A:ILE:580:CG1	A:LEU:577:CA
0	vdw	A:GLU:563:OE2	A:LYS:579:CB
0	vdw	A:GLU:563:CD	A:LYS:579:CD
0	vdw	A:GLU:563:OE2	A:LYS:579:CD
0	vdw	A:GLU:563:CB	A:ILE:580:CG2
0	vdw	A:GLU:563:CD	A:PHE:576:CD1
0	vdw	A:GLU:563:CD	A:PHE:576:CE1
0	vdw	A:ASP:565:N	A:GLU:563:C
0	vdw	A:ASP:565:N	A:GLU:563:OE1
0	vdw	A:ALA:611:C	A:ALA:613:N
0	vdw	A:ALA:611:O	A:ALA:613:N
0	vdw	A:ARG:610:C	A:LYS:612:N
0	vdw	A:ARG:610:O	A:LYS:612:N
0	vdw	A:ALA:613:N	A:ARG:610:C
0	vdw	A:ALA:613:N	A:ARG:610:O
0	vdw	A:ALA:611:N	A:LEU:608:C
0	vdw	A:ALA:611:N	A:LEU:608:O
0	vdw	A:LEU:608:O	A:LYS:612:N
0	vdw	A:ALA:609:O	A:LYS:612:N
0	vdw	A:ALA:609:O	A:ALA:613:N
0	vdw	A:ALA:611:N	A:LEU:607:O
0	vdw	A:ALA:609:C	A:ALA:611:N
0	vdw	A:ALA:611:CA	A:PHE:618:CE2
0	vdw	A:ARG:610:CA	A:LEU:607:O
0	vdw	A:ARG:610:C	A:LEU:607:O
0	vdw	A:ARG:610:CB	A:ASN:606:O
0	vdw	A:ARG:610:CB	A:LEU:607:O
0	vdw	A:GLN:574:O	A:GLU:578:CG
0	vdw	A:ARG:575:O	A:GLU:578:N
0	vdw	A:ARG:575:O	A:GLU:578:CB
0	vdw	A:ARG:575:O	A:LYS:579:N
0	vdw	A:GLU:578:N	A:PHE:576:C
0	vdw	A:LYS:579:N	A:PHE:576:C
0	vdw	A:ARG:575:C	A:LEU:577:N
0	vdw	A:GLN:574:O	A:GLU:578:N
0	vdw	A:ALA:609:O	A:LYS:612:CB
0	vdw	A:LEU:608:O	A:LYS:612:CB
0	vdw	A:GLU:492:C	A:LYS:494:N
0	vdw	A:GLU:492:O	A:LYS:494:N
0	vdw	A:TYR:493:N	A:VAL:491:C
0	vdw	A:TYR:493:N	A:VAL:491:O
0	vdw	A:PHE:394:CD2	A:TYR:493:CG
0	vdw	A:PHE:394:CD2	A:TYR:493:CD1
0	vdw	A:PHE:394:CD2	A:TYR:493:CD2
0	vdw	A:GLU:336:O	A:ILE:349:CD1
0	vdw	A:GLU:352:N	A:ILE:349:C
0	vdw	A:GLU:352:N	A:ILE:349:O
0	vdw	A:GLN:350:C	A:GLU:352:N
0	vdw	A:GLU:352:CA	A:ILE:349:O
0	vdw	A:GLU:352:CB	A:ILE:349:O
0	vdw	A:GLN:350:O	A:GLU:352:N
0	vdw	A:GLY:351:C	A:ILE:353:N
0	vdw	A:LEU:354:CD1	A:TYR:498:CG
0	vdw	A:LEU:354:CD1	A:TYR:498:CD1
0	vdw	A:LEU:354:CD1	A:TYR:498:CD2
0	vdw	A:LEU:354:CD1	A:TYR:498:CE1
0	vdw	A:LEU:354:CD1	A:TYR:498:CE2
0	vdw	A:LEU:354:CD1	A:TYR:498:CZ
0	vdw	A:LYS:494:O	A:TYR:498:CB
0	vdw	A:LYS:494:O	A:TYR:498:CG
0	vdw	A:LYS:494:O	A:TYR:498:CD1
0	vdw	A:LYS:494:O	A:TYR:498:CD2
0	vdw	A:LEU:497:N	A:LYS:494:C
0	vdw	A:LEU:497:N	A:LYS:494:O
0	vdw	A:LYS:494:O	A:TYR:498:N
0	vdw	A:LEU:497:N	A:TYR:493:O
0	vdw	A:LEU:497:CA	A:TYR:493:O
0	vdw	A:ILE:496:C	A:TYR:498:N
0	vdw	A:ILE:496:O	A:TYR:498:N
0	vdw	A:ILE:496:N	A:LYS:494:C
0	vdw	A:ILE:496:N	A:LYS:494:O
0	vdw	A:LEU:497:N	A:TYR:495:C
0	vdw	A:ILE:496:CB	A:TYR:493:O
0	vdw	A:TYR:493:C	A:TYR:495:N
0	vdw	A:ILE:496:N	A:TYR:493:C
0	vdw	A:TYR:493:O	A:TYR:495:N
0	vdw	A:ILE:496:N	A:TYR:493:O
0	vdw	A:LEU:488:CD2	A:PHE:394:CD2
0	vdw	A:LEU:488:CD2	A:PHE:394:CE2
0	vdw	A:ILE:483:CG2	A:LEU:488:CD2
0	vdw	A:ILE:496:CD1	A:LEU:488:CD2
0	vdw	A:GLU:388:O	A:LYS:390:N
0	vdw	A:GLU:337:C	A:ILE:349:CG2
0	vdw	A:GLU:337:C	A:LEU:339:N
0	vdw	A:GLU:337:O	A:LEU:339:N
0	vdw	A:ILE:349:CA	A:THR:338:O
0	vdw	A:GLU:336:O	A:ILE:349:CB
0	vdw	A:GLU:336:O	A:ILE:349:CG2
0	vdw	A:GLU:337:CA	A:ILE:349:CG2
0	vdw	A:GLN:350:C	A:ILE:353:CG1
0	vdw	A:GLY:351:N	A:ILE:349:C
0	vdw	A:GLY:351:N	A:ILE:349:O
0	vdw	A:GLN:350:O	A:ILE:353:N
0	vdw	A:GLN:350:O	A:ILE:353:CB
0	vdw	A:GLN:350:O	A:ILE:353:CG1
0	vdw	A:GLN:350:O	A:ILE:353:CD1
0	vdw	A:LEU:703:CD1	A:TYR:498:CB
0	vdw	A:GLN:499:OE1	A:LEU:703:CG
0	vdw	A:ILE:500:N	A:TYR:498:C
0	vdw	A:GLN:499:N	A:ILE:496:O
0	vdw	A:GLN:499:CA	A:ILE:496:O
0	vdw	A:GLN:499:CB	A:ILE:496:O
0	vdw	A:ILE:496:O	A:ILE:500:N
0	vdw	A:GLN:499:N	A:LEU:497:C
0	vdw	A:ILE:496:O	A:ILE:500:CB
0	vdw	A:ILE:496:O	A:ILE:500:CG2
0	vdw	A:ILE:496:CA	A:TYR:493:O
0	vdw	A:ILE:496:C	A:TYR:493:O
0	vdw	A:ILE:496:CG2	A:ILE:500:CG2
0	vdw	A:ILE:483:CG2	A:LEU:488:CG
0	vdw	A:PHE:449:CD1	A:VAL:391:CG1
0	vdw	A:PHE:449:CE1	A:VAL:391:CG1
0	vdw	A:LEU:488:CD1	A:PHE:449:CE1
0	vdw	A:PHE:449:CG	A:VAL:391:CG1
0	vdw	A:LEU:488:CD1	A:MET:389:CE
0	vdw	A:MET:389:O	A:VAL:391:CG1
0	vdw	A:ASP:485:CB	A:CYS:387:SG
0	vdw	A:CYS:387:C	A:MET:389:N
0	vdw	A:LEU:335:O	A:THR:338:CB
0	vdw	A:LEU:697:CD1	A:THR:338:CB
0	vdw	A:ALA:702:O	A:HIS:699:O
0	vdw	A:ALA:702:C	A:LYS:704:N
0	vdw	A:ALA:702:C	A:GLN:499:OE1
0	vdw	A:GLN:499:O	A:GLY:701:O
0	vdw	A:ALA:702:CA	A:GLN:499:OE1
0	vdw	A:ALA:702:N	A:HIS:699:CE1
0	vdw	A:ILE:483:N	A:VAL:448:O
0	vdw	A:ILE:483:CD1	A:PHE:449:CE1
0	vdw	A:ILE:483:O	A:VAL:448:O
0	vdw	A:ILE:483:O	A:PHE:449:CA
0	vdw	A:ILE:483:O	A:LEU:450:N
0	vdw	A:ILE:483:O	A:PHE:449:C
0	vdw	A:CYS:387:SG	A:PHE:449:CB
0	vdw	A:LEU:386:N	A:PHE:449:O
0	vdw	A:LEU:386:CA	A:PHE:449:O
0	vdw	A:LEU:386:CB	A:PHE:449:O
0	vdw	A:LEU:386:CA	A:LEU:417:O
0	vdw	A:LEU:386:O	A:VAL:419:CG2
0	vdw	A:LEU:386:O	A:PRO:451:CD
0	vdw	A:LEU:417:O	A:VAL:419:N
0	vdw	A:LEU:697:CD1	A:THR:338:CG2
0	vdw	A:HIS:699:N	A:LEU:697:C
0	vdw	A:HIS:699:N	A:LEU:697:O
0	vdw	A:HIS:700:N	A:LEU:698:C
0	vdw	A:LEU:698:N	A:THR:696:C
0	vdw	A:LEU:698:N	A:THR:696:O
0	vdw	A:LEU:698:C	A:MET:710:SD
0	vdw	A:LEU:695:O	A:LEU:698:N
0	vdw	A:GLY:701:N	A:HIS:699:C
0	vdw	A:GLY:701:N	A:HIS:699:O
0	vdw	A:GLY:701:N	A:HIS:699:ND1
0	vdw	A:GLY:701:CA	A:HIS:699:ND1
0	vdw	A:GLY:701:C	A:HIS:699:ND1
0	vdw	A:HIS:699:CA	A:MET:710:SD
0	vdw	A:ALA:702:N	A:HIS:699:ND1
0	vdw	A:GLY:701:N	A:HIS:699:CE1
0	vdw	A:GLY:701:CA	A:HIS:699:CE1
0	vdw	A:GLY:701:C	A:HIS:699:CE1
0	vdw	A:PHE:482:CB	A:TYR:466:CD2
0	vdw	A:PHE:482:CB	A:TYR:466:CE2
0	vdw	A:PHE:482:CG	A:TYR:466:CD2
0	vdw	A:PHE:482:CG	A:TYR:466:CE2
0	vdw	A:PHE:482:CA	A:VAL:448:O
0	vdw	A:PHE:482:C	A:VAL:448:O
0	vdw	A:LEU:386:CB	A:VAL:419:CG2
0	vdw	A:LEU:386:CG	A:VAL:419:CG2
0	vdw	A:LEU:386:CD2	A:VAL:419:CG2
0	vdw	A:LEU:386:CD2	A:VAL:431:CG2
0	vdw	A:PHE:465:CE2	A:VAL:419:CG2
0	vdw	A:LEU:519:CD2	A:LYS:694:CD
0	vdw	A:ASP:690:OD2	A:LYS:694:CD
0	vdw	A:ASP:690:OD2	A:LYS:694:NZ
0	vdw	A:LEU:515:CD1	A:LEU:519:CD2
0	vdw	A:LEU:515:CD1	A:LEU:519:CG
0	vdw	A:LYS:694:O	A:THR:696:N
0	vdw	A:LEU:697:N	A:LYS:694:O
0	vdw	A:LEU:697:CA	A:LYS:694:O
0	vdw	A:LEU:697:CB	A:LYS:694:O
0	vdw	A:LEU:697:CG	A:LYS:694:O
0	vdw	A:LEU:698:O	A:MET:710:CG
0	vdw	A:LEU:698:O	A:MET:710:SD
0	vdw	A:LEU:695:O	A:LEU:698:CB
0	vdw	A:MET:710:CG	A:TYR:551:OH
0	vdw	A:HIS:700:N	A:LEU:698:O
0	vdw	A:MET:710:SD	A:TYR:713:CD1
0	vdw	A:ARG:717:NH1	A:TRP:738:O
0	vdw	A:ARG:717:CZ	A:TRP:738:O
0	vdw	A:PHE:482:CD2	A:TYR:466:CD2
0	vdw	A:PHE:482:CD2	A:TYR:466:CE2
0	vdw	A:PHE:482:CD1	A:TYR:466:CD2
0	vdw	A:LEU:450:CD1	A:PHE:482:CD1
0	vdw	A:ILE:469:CD1	A:PHE:465:O
0	vdw	A:GLN:468:N	A:PHE:465:O
0	vdw	A:ILE:469:N	A:PHE:465:O
0	vdw	A:HIS:467:N	A:PHE:465:C
0	vdw	A:HIS:467:N	A:PHE:465:O
0	vdw	A:PHE:465:CE1	A:VAL:431:CG2
0	vdw	A:SER:427:O	A:VAL:431:CG2
0	vdw	A:GLN:468:OE1	A:PHE:465:CD1
0	vdw	A:PHE:465:CE1	A:SER:422:CA
0	vdw	A:VAL:419:CG1	A:VAL:431:CG2
0	vdw	A:ALA:429:N	A:SER:427:C
0	vdw	A:ALA:429:N	A:SER:427:O
0	vdw	A:ASN:421:O	A:SER:427:CB
0	vdw	A:ASN:424:O	A:SER:427:CA
0	vdw	A:ASN:424:O	A:SER:427:CB
0	vdw	A:SER:425:C	A:SER:427:N
0	vdw	A:SER:425:O	A:SER:427:N
0	vdw	A:ASN:424:C	A:SER:427:N
0	vdw	A:ASN:424:OD1	A:SER:427:N
0	vdw	A:ASN:424:O	A:SER:427:N
0	vdw	A:LEU:519:CB	A:PHE:525:CZ
0	vdw	A:LEU:519:CD1	A:PHE:525:CZ
0	vdw	A:LEU:519:CD1	A:LEU:695:CD2
0	vdw	A:LEU:519:CD1	A:PHE:525:CE1
0	vdw	A:LEU:519:CD1	A:THR:691:CG2
0	vdw	A:LEU:695:CG	A:THR:691:O
0	vdw	A:LEU:695:CD1	A:THR:691:CG2
0	vdw	A:PRO:711:CA	A:TYR:551:CE2
0	vdw	A:PRO:709:C	A:PRO:711:N
0	vdw	A:PRO:709:O	A:PRO:711:N
0	vdw	A:PRO:709:C	A:PRO:711:CD
0	vdw	A:PRO:709:CB	A:PRO:711:CD
0	vdw	A:ARG:549:CB	A:TYR:551:CE2
0	vdw	A:MET:710:C	A:TYR:713:N
0	vdw	A:LEU:712:N	A:MET:710:C
0	vdw	A:LEU:695:O	A:MET:710:CB
0	vdw	A:ARG:549:NH1	A:MET:710:O
0	vdw	A:ARG:549:CZ	A:MET:710:O
0	vdw	A:ARG:549:NH1	A:TYR:713:C
0	vdw	A:MET:710:O	A:TYR:713:N
0	vdw	A:LEU:712:N	A:MET:710:O
0	vdw	A:MET:718:SD	A:TRP:738:CD2
0	vdw	A:MET:718:CG	A:TRP:738:CB
0	vdw	A:TYR:466:O	A:TYR:470:CB
0	vdw	A:ILE:726:CG2	A:TYR:470:CD1
0	vdw	A:PHE:482:CZ	A:TYR:470:CB
0	vdw	A:GLN:468:N	A:TYR:466:C
0	vdw	A:GLN:468:N	A:TYR:466:O
0	vdw	A:ILE:469:N	A:TYR:466:O
0	vdw	A:HIS:467:C	A:ILE:469:N
0	vdw	A:HIS:467:O	A:ILE:469:N
0	vdw	A:HIS:467:CA	A:ILE:726:CD1
0	vdw	A:HIS:467:O	A:ILE:726:CD1
0	vdw	A:GLN:468:N	A:SER:464:O
0	vdw	A:GLN:468:CB	A:SER:464:O
0	vdw	A:ARG:428:CB	A:GLN:468:NE2
0	vdw	A:ARG:428:NH2	A:GLN:468:CD
0	vdw	A:ARG:428:CZ	A:GLN:468:CD
0	vdw	A:ARG:428:N	A:SER:425:O
0	vdw	A:ARG:428:N	A:ASP:426:C
0	vdw	A:ARG:428:N	A:ASP:426:O
0	vdw	A:ARG:428:CB	A:SER:425:O
0	vdw	A:ALA:429:N	A:SER:425:O
0	vdw	A:ALA:429:N	A:ASP:426:O
0	vdw	A:ARG:428:N	A:ASN:424:O
0	vdw	A:ARG:428:CG	A:ASN:424:O
0	vdw	A:ARG:428:CG	A:SER:422:O
0	vdw	A:ASN:424:C	A:ASP:426:N
0	vdw	A:ASN:424:OD1	A:ASP:426:N
0	vdw	A:ASN:424:OD1	A:ASP:426:CA
0	vdw	A:ASN:424:OD1	A:ASP:426:CB
0	vdw	A:ASN:424:O	A:ASP:426:N
0	vdw	A:ALA:522:N	A:GLU:520:C
0	vdw	A:ILE:521:CG2	A:PHE:525:CE1
0	vdw	A:ILE:521:O	A:ILE:619:CD1
0	vdw	A:ILE:521:CG2	A:THR:691:OG1
0	vdw	A:LEU:695:CD1	A:PHE:525:CD1
0	vdw	A:PHE:525:CE1	A:THR:691:CG2
0	vdw	A:LEU:592:O	A:PHE:525:CA
0	vdw	A:LEU:592:O	A:PHE:525:C
0	vdw	A:ILE:526:C	A:PRO:711:CB
0	vdw	A:GLY:527:N	A:PRO:711:CB
0	vdw	A:ARG:549:NE	A:PRO:711:O
0	vdw	A:ARG:549:CZ	A:PRO:711:O
0	vdw	A:ARG:549:CZ	A:LEU:712:CA
0	vdw	A:ARG:549:CZ	A:LEU:712:C
0	vdw	A:ARG:549:CZ	A:LEU:712:O
0	vdw	A:ARG:549:CZ	A:SER:715:OG
0	vdw	A:ARG:549:NE	A:PRO:711:C
0	vdw	A:ARG:549:CZ	A:PRO:711:C
0	vdw	A:ARG:549:CZ	A:TYR:713:C
0	vdw	A:ARG:549:CZ	A:TYR:713:O
0	vdw	A:GLY:714:O	A:MET:718:CB
0	vdw	A:GLY:714:O	A:MET:718:CG
0	vdw	A:ILE:726:O	A:LEU:721:CB
0	vdw	A:ILE:726:O	A:LEU:721:C
0	vdw	A:LEU:721:CD1	A:TYR:470:CE1
0	vdw	A:ILE:726:O	A:LEU:721:O
0	vdw	A:ILE:726:CA	A:LEU:721:O
0	vdw	A:ILE:726:C	A:LEU:721:O
0	vdw	A:ILE:726:CB	A:LEU:721:O
0	vdw	A:HIS:467:CB	A:ILE:726:CD1
0	vdw	A:HIS:467:CG	A:ILE:726:CD1
0	vdw	A:HIS:467:CD2	A:ILE:726:CD1
0	vdw	A:ILE:521:CG1	A:ILE:619:CD1
0	vdw	A:ILE:619:O	A:LEU:592:CA
0	vdw	A:ILE:526:N	A:LEU:592:O
0	vdw	A:ILE:526:O	A:LEU:592:O
0	vdw	A:ILE:619:O	A:LEU:592:C
0	vdw	A:ILE:526:CG2	A:ILE:548:CB
0	vdw	A:ILE:526:O	A:ILE:593:CA
0	vdw	A:ILE:526:O	A:ILE:593:C
0	vdw	A:ILE:526:O	A:TYR:594:N
0	vdw	A:ILE:526:O	A:TYR:594:CA
0	vdw	A:GLY:527:O	A:SER:547:O
0	vdw	A:GLY:527:O	A:ILE:548:CA
0	vdw	A:ALA:546:C	A:ILE:548:N
0	vdw	A:MET:718:CE	A:SER:547:CB
0	vdw	A:ARG:722:CA	A:MET:718:O
0	vdw	A:ALA:719:O	A:ARG:722:CA
0	vdw	A:ARG:722:CB	A:MET:718:O
0	vdw	A:ALA:719:O	A:ARG:722:CB
0	vdw	A:GLY:725:N	A:LEU:721:O
0	vdw	A:GLY:725:N	A:LEU:723:C
0	vdw	A:ILE:726:N	A:LEU:721:O
0	vdw	A:ILE:726:N	A:LYS:724:C
0	vdw	A:ILE:726:N	A:LYS:724:O
0	vdw	A:ARG:722:O	A:GLY:725:N
0	vdw	A:ARG:722:O	A:GLY:725:CA
0	vdw	A:ARG:722:C	A:GLY:725:N
0	vdw	A:LYS:617:O	A:VAL:591:O
0	vdw	A:HIS:681:CB	A:PHE:618:C
0	vdw	A:HIS:681:CB	A:PHE:618:O
0	vdw	A:PHE:618:CA	A:VAL:591:O
0	vdw	A:PHE:618:C	A:VAL:591:O
0	vdw	A:ILE:619:N	A:VAL:591:O
0	vdw	A:ILE:619:CA	A:VAL:591:O
0	vdw	A:HIS:681:N	A:PHE:618:C
0	vdw	A:ILE:593:CD1	A:PHE:618:CD2
0	vdw	A:ILE:548:CG2	A:LEU:528:CD2
0	vdw	A:ILE:548:CG2	A:ILE:580:CD1
0	vdw	A:CYS:545:O	A:SER:547:N
0	vdw	A:ALA:546:C	A:ASP:529:O
0	vdw	A:CYS:545:C	A:SER:547:N
0	vdw	A:ALA:544:CB	A:ARG:722:CG
0	vdw	A:ALA:611:CB	A:PHE:618:CG
0	vdw	A:ALA:611:CB	A:PHE:618:CD2
0	vdw	A:ALA:611:CB	A:PHE:618:CE2
0	vdw	A:ALA:611:CB	A:LEU:608:O
0	vdw	A:ALA:611:CB	A:LEU:607:O
0	vdw	A:ILE:593:CD1	A:PHE:618:CG
0	vdw	A:LEU:607:O	A:PHE:618:CD2
0	vdw	A:LEU:607:O	A:PHE:618:CE2
0	vdw	A:LEU:577:CD2	A:LEU:607:CD2
0	vdw	A:LEU:581:CD1	A:LEU:607:CD2
0	vdw	A:LEU:577:CD1	A:LEU:607:CD2
0	vdw	A:ILE:572:CG2	A:LEU:577:CD2
0	vdw	A:GLN:574:O	A:LEU:577:CA
0	vdw	A:CYS:545:SG	A:GLU:563:CB
0	vdw	A:CYS:545:SG	A:GLU:563:CG
0	vdw	A:CYS:545:CB	A:GLU:563:CB
0	vdw	A:CYS:545:SG	A:PHE:576:CD1
0	vdw	A:CYS:545:SG	A:ILE:567:CD1
0	vdw	A:CYS:545:SG	A:PHE:576:CE1
0	vdw	A:CYS:545:CB	A:GLU:563:CG
0	vdw	A:ASP:565:O	A:CYS:545:CB
0	vdw	A:ASP:565:N	A:GLU:563:CG
0	vdw	A:CYS:545:CB	A:PHE:576:CE1
0	vdw	A:GLU:563:CG	A:PHE:576:CE1
0	vdw	A:ASP:565:O	A:PHE:576:CE1
0	vdw	A:CYS:545:CB	A:ILE:567:CG1
0	vdw	A:CYS:545:CB	A:ILE:567:CD1
0	vdw	A:ARG:610:N	A:LEU:608:C
0	vdw	A:ARG:610:N	A:LEU:608:O
0	vdw	A:ASN:606:C	A:LEU:608:N
0	vdw	A:ASN:606:O	A:LEU:608:N
0	vdw	A:ALA:609:N	A:ASN:606:O
0	vdw	A:ARG:610:N	A:ASN:606:O
0	vdw	A:ALA:609:N	A:LEU:607:C
0	vdw	A:ARG:610:N	A:LEU:607:C
0	vdw	A:ALA:609:N	A:LEU:607:O
0	vdw	A:ARG:610:N	A:LEU:607:O
0	vdw	A:ASN:606:C	A:LEU:577:CD1
0	vdw	A:ALA:609:CB	A:ASN:606:O
0	vdw	A:ILE:604:O	A:LEU:608:N
0	vdw	A:GLU:605:O	A:LEU:608:N
0	vdw	A:ALA:609:N	A:GLU:605:O
0	vdw	A:GLN:574:O	A:LEU:577:CB
0	vdw	A:ASN:606:CB	A:LEU:577:CD1
0	vdw	A:LEU:577:CD1	A:LEU:607:N
0	vdw	A:ILE:572:CG2	A:LEU:577:CG
0	vdw	A:LEU:577:CD1	A:LEU:607:CG
0	vdw	A:PHE:576:N	A:PRO:573:O
0	vdw	A:PHE:576:CA	A:PRO:573:O
0	vdw	A:LEU:577:N	A:PRO:573:O
0	vdw	A:GLN:574:O	A:PHE:576:N
0	vdw	A:GLN:574:O	A:LEU:577:N
0	vdw	A:PHE:576:CB	A:PRO:573:O
0	vdw	A:ARG:575:N	A:PRO:573:C
0	vdw	A:ARG:575:N	A:PRO:573:O
0	vdw	A:GLN:574:C	A:PHE:576:N
0	vdw	A:CYS:545:CB	A:PHE:576:CD1
0	vdw	A:GLU:563:CG	A:PHE:576:CD1
0	vdw	A:ASP:565:CB	A:PHE:576:CE1
0	vdw	A:ASP:565:CB	A:PHE:576:CZ
0	vdw	A:ILE:567:CG1	A:PHE:576:CE1
0	vdw	A:ALA:609:CB	A:GLU:605:O
0	vdw	A:ASN:606:CG	A:GLN:574:CB
0	vdw	A:ASN:606:ND2	A:GLN:574:N
0	vdw	A:GLU:492:OE2	A:LYS:494:NZ
0	vdw	A:GLU:492:OE2	A:LYS:494:CE
0	vdw	A:GLU:492:CB	A:TYR:495:CD2
0	vdw	A:GLN:499:CG	A:TYR:495:O
0	vdw	A:GLU:492:O	A:TYR:495:N
0	vdw	A:GLU:492:O	A:TYR:495:CB
0	vdw	A:ILE:496:CD1	A:THR:487:O
0	vdw	A:ILE:496:CD1	A:THR:487:C
0	vdw	A:ASP:485:O	A:LEU:488:CA
0	vdw	A:ASN:490:N	A:LEU:488:O
0	vdw	A:LEU:488:CB	A:MET:389:SD
0	vdw	A:ASP:485:O	A:MET:389:SD
0	vdw	A:LEU:488:CB	A:MET:389:CE
0	vdw	A:ASP:485:O	A:LEU:488:CB
0	vdw	A:GLU:337:CA	A:SER:334:O
0	vdw	A:GLU:337:CB	A:SER:334:O
0	vdw	A:GLU:336:C	A:THR:338:N
0	vdw	A:GLU:337:N	A:LEU:335:C
0	vdw	A:GLU:337:N	A:LEU:335:O
0	vdw	A:GLU:337:N	A:SER:334:C
0	vdw	A:THR:487:CB	A:TYR:484:O
0	vdw	A:ASP:485:O	A:LEU:488:N
0	vdw	A:LEU:488:CG	A:MET:389:CE
0	vdw	A:ASP:486:O	A:LEU:488:N
0	vdw	A:ASP:486:C	A:LEU:488:N
0	vdw	A:LYS:489:N	A:THR:487:C
0	vdw	A:ASP:485:CA	A:MET:389:CE
0	vdw	A:ASP:485:C	A:MET:389:CE
0	vdw	A:ASP:485:O	A:MET:389:CE
0	vdw	A:ASP:485:CB	A:MET:389:CE
0	vdw	A:ASP:486:N	A:TYR:484:O
0	vdw	A:ASP:485:N	A:LEU:450:O
0	vdw	A:THR:487:N	A:TYR:484:O
0	vdw	A:THR:487:CA	A:TYR:484:O
0	vdw	A:ASP:485:C	A:THR:487:N
0	vdw	A:ASP:485:O	A:THR:487:N
0	vdw	A:ASP:485:O	A:LYS:489:N
0	vdw	A:ASP:485:O	A:LYS:489:CG
0	vdw	A:THR:487:OG1	A:TYR:484:O
0	vdw	A:ASP:485:CG	A:GLU:452:N
0	vdw	A:SER:334:O	A:THR:338:N
0	vdw	A:GLU:336:N	A:SER:334:O
0	vdw	A:GLU:337:N	A:SER:334:O
0	vdw	A:LEU:335:C	A:THR:338:N
0	vdw	A:LEU:335:O	A:THR:338:N
0	vdw	A:LEU:335:O	A:THR:338:OG1
0	vdw	A:LEU:335:CA	A:THR:338:OG1
0	vdw	A:GLN:350:OE1	A:LEU:697:CD2
0	vdw	A:GLN:350:CD	A:SER:705:OG
0	vdw	A:GLN:350:NE2	A:SER:705:OG
0	vdw	A:GLN:350:NE2	A:LEU:703:O
0	vdw	A:SER:705:OG	A:THR:696:O
0	vdw	A:GLN:350:NE2	A:SER:705:N
0	vdw	A:GLN:350:NE2	A:SER:705:CB
0	vdw	A:GLN:499:OE1	A:LEU:703:N
0	vdw	A:GLN:499:CD	A:LEU:703:N
0	vdw	A:ALA:702:CB	A:GLN:499:OE1
0	vdw	A:ALA:702:CB	A:HIS:699:CE1
0	vdw	A:ALA:702:CB	A:HIS:699:NE2
0	vdw	A:LEU:450:O	A:TYR:484:CA
0	vdw	A:LEU:450:O	A:TYR:484:C
0	vdw	A:ARG:455:NH2	A:TYR:484:CB
0	vdw	A:ARG:455:NH2	A:TYR:484:CG
0	vdw	A:ASP:486:N	A:TYR:484:C
0	vdw	A:ARG:455:NE	A:TYR:484:CG
0	vdw	A:ARG:455:CZ	A:TYR:484:CG
0	vdw	A:PRO:451:CB	A:SER:453:OG
0	vdw	A:ASP:690:CG	A:LYS:694:CE
0	vdw	A:ASP:690:OD1	A:LYS:694:CE
0	vdw	A:ASP:690:OD2	A:LYS:694:CE
0	vdw	A:LEU:335:CD1	A:LEU:697:CD1
0	vdw	A:LEU:695:C	A:LEU:697:N
0	vdw	A:LEU:695:O	A:LEU:697:N
0	vdw	A:GLN:350:CD	A:LEU:697:CD2
0	vdw	A:LEU:697:CD2	A:SER:705:OG
0	vdw	A:LEU:335:CG	A:LEU:697:CD2
0	vdw	A:PRO:706:CD	A:THR:696:O
0	vdw	A:SER:705:CB	A:THR:696:O
0	vdw	A:HIS:699:CB	A:PRO:706:CD
0	vdw	A:HIS:699:CD2	A:LYS:704:O
0	vdw	A:HIS:699:CD2	A:PRO:706:CD
0	vdw	A:HIS:699:CD2	A:TYR:713:CE1
0	vdw	A:HIS:699:CD2	A:TYR:713:CZ
0	vdw	A:HIS:699:NE2	A:TYR:713:CE1
0	vdw	A:HIS:699:NE2	A:TYR:713:OH
0	vdw	A:HIS:699:NE2	A:TYR:713:CZ
0	vdw	A:ARG:455:NE	A:TYR:484:CD2
0	vdw	A:ARG:455:CZ	A:TYR:484:CD2
0	vdw	A:ARG:455:CZ	A:TYR:484:CE2
0	vdw	A:ARG:455:NH2	A:TYR:484:CD2
0	vdw	A:ARG:455:NH2	A:TYR:484:CE2
0	vdw	A:LEU:450:CB	A:TYR:484:CD1
0	vdw	A:LEU:450:CB	A:TYR:484:CE1
0	vdw	A:LEU:450:CD1	A:TYR:466:CA
0	vdw	A:LEU:450:CD1	A:TYR:466:CB
0	vdw	A:ARG:455:N	A:TYR:484:CE1
0	vdw	A:ARG:455:CA	A:TYR:484:CE1
0	vdw	A:ARG:455:CB	A:TYR:484:CE1
0	vdw	A:ARG:455:CA	A:TYR:484:OH
0	vdw	A:ARG:455:CA	A:TYR:484:CZ
0	vdw	A:ASP:454:OD2	A:LEU:450:CD1
0	vdw	A:PRO:451:O	A:TYR:484:CD1
0	vdw	A:ASP:690:C	A:THR:692:N
0	vdw	A:ASP:690:CB	A:GLU:686:O
0	vdw	A:ASP:690:O	A:LYS:694:N
0	vdw	A:ASP:690:O	A:LYS:694:CB
0	vdw	A:ASP:690:O	A:LYS:694:CG
0	vdw	A:LEU:693:C	A:LEU:695:N
0	vdw	A:LEU:693:C	A:THR:696:N
0	vdw	A:LYS:694:N	A:THR:692:O
0	vdw	A:ASP:690:O	A:THR:692:N
0	vdw	A:LYS:694:N	A:THR:691:O
0	vdw	A:ASP:690:O	A:LEU:693:N
0	vdw	A:ASP:690:O	A:LEU:693:CB
0	vdw	A:LYS:694:N	A:THR:692:C
0	vdw	A:LEU:693:C	A:THR:696:OG1
0	vdw	A:LEU:695:N	A:THR:692:O
0	vdw	A:THR:692:O	A:THR:696:N
0	vdw	A:LEU:693:O	A:LEU:695:N
0	vdw	A:LEU:693:O	A:THR:696:N
0	vdw	A:LEU:693:O	A:THR:696:CB
0	vdw	A:LYS:694:C	A:THR:696:N
0	vdw	A:LEU:693:O	A:THR:696:CA
0	vdw	A:THR:692:O	A:THR:696:CG2
0	vdw	A:LEU:693:O	A:THR:696:OG1
0	vdw	A:MET:710:CE	A:TYR:713:CG
0	vdw	A:MET:710:CE	A:TYR:713:CD1
0	vdw	A:MET:710:CE	A:TYR:713:CA
0	vdw	A:MET:710:CE	A:TYR:713:CB
0	vdw	A:PRO:706:CG	A:TYR:713:CD2
0	vdw	A:LEU:708:O	A:PRO:706:CG
0	vdw	A:ARG:717:NH2	A:TYR:466:OH
0	vdw	A:ARG:717:NH2	A:TYR:466:CZ
0	vdw	A:ARG:717:CZ	A:TYR:466:OH
0	vdw	A:ASP:454:OD2	A:TYR:466:CB
0	vdw	A:SER:464:OG	A:TYR:466:CB
0	vdw	A:ASP:454:CG	A:PHE:465:N
0	vdw	A:ASP:454:CG	A:PHE:465:CB
0	vdw	A:ASP:454:OD1	A:PHE:465:N
0	vdw	A:ASP:454:OD1	A:PHE:465:CA
0	vdw	A:ASP:454:OD1	A:PHE:465:CB
0	vdw	A:ASP:454:OD2	A:TYR:466:N
0	vdw	A:ASP:454:OD1	A:PHE:465:CD2
0	vdw	A:ASP:454:CG	A:SER:464:CB
0	vdw	A:ASP:454:OD1	A:SER:464:CA
0	vdw	A:ASP:454:OD1	A:SER:464:C
0	vdw	A:ASP:454:OD1	A:SER:464:CB
0	vdw	A:ASP:454:OD2	A:SER:464:CB
0	vdw	A:SER:464:C	A:TYR:466:N
0	vdw	A:SER:464:O	A:TYR:466:N
0	vdw	A:PHE:465:CE2	A:SER:422:N
0	vdw	A:PHE:465:CZ	A:SER:422:N
0	vdw	A:PHE:465:CE2	A:SER:422:CA
0	vdw	A:PHE:465:CZ	A:SER:422:CA
0	vdw	A:PHE:465:CD2	A:SER:422:CB
0	vdw	A:PHE:465:CE2	A:SER:422:CB
0	vdw	A:PHE:465:CZ	A:SER:422:CB
0	vdw	A:ASN:421:C	A:PHE:465:CE2
0	vdw	A:ASN:421:C	A:PHE:465:CZ
0	vdw	A:ASN:421:O	A:PHE:465:CZ
0	vdw	A:ASN:421:O	A:ASN:424:CB
0	vdw	A:ASN:421:O	A:ASN:424:N
0	vdw	A:ASN:421:C	A:ASN:423:N
0	vdw	A:ASN:421:O	A:ASN:423:N
0	vdw	A:ASN:424:CB	A:SER:427:OG
0	vdw	A:SER:687:O	A:THR:691:N
0	vdw	A:SER:687:O	A:THR:691:OG1
0	vdw	A:SER:687:O	A:THR:691:CB
0	vdw	A:ILE:689:N	A:SER:687:C
0	vdw	A:ILE:689:N	A:SER:687:O
0	vdw	A:ASP:690:N	A:SER:687:O
0	vdw	A:ILE:689:C	A:THR:691:N
0	vdw	A:ILE:688:O	A:THR:691:N
0	vdw	A:ILE:689:O	A:THR:691:N
0	vdw	A:LEU:695:CB	A:THR:691:O
0	vdw	A:THR:692:N	A:TYR:594:OH
0	vdw	A:ILE:688:O	A:THR:692:N
0	vdw	A:LEU:695:N	A:THR:691:O
0	vdw	A:LEU:693:N	A:THR:691:C
0	vdw	A:LEU:693:N	A:THR:691:O
0	vdw	A:ILE:689:O	A:THR:692:N
0	vdw	A:PRO:709:O	A:TYR:713:N
0	vdw	A:PRO:709:O	A:TYR:713:CB
0	vdw	A:LEU:712:N	A:PRO:709:O
0	vdw	A:LEU:712:CA	A:PRO:709:O
0	vdw	A:LEU:712:C	A:PRO:709:O
0	vdw	A:LEU:712:CB	A:PRO:709:O
0	vdw	A:ARG:549:NH2	A:TYR:713:N
0	vdw	A:ARG:549:NH2	A:TYR:713:C
0	vdw	A:ARG:549:NH2	A:TYR:713:O
0	vdw	A:SER:715:N	A:TYR:713:C
0	vdw	A:SER:715:N	A:TYR:713:O
0	vdw	A:ASP:716:OD1	A:GLY:714:C
0	vdw	A:ASP:716:N	A:GLY:714:C
0	vdw	A:HIS:467:NE2	A:LYS:724:NZ
0	vdw	A:HIS:467:N	A:SER:464:OG
0	vdw	A:HIS:467:CG	A:SER:464:OG
0	vdw	A:HIS:467:N	A:SER:464:O
0	vdw	A:ASP:458:CG	A:SER:464:OG
0	vdw	A:ASP:458:OD1	A:SER:464:OG
0	vdw	A:SER:464:OG	A:TYR:466:N
0	vdw	A:HIS:467:ND1	A:LYS:724:NZ
0	vdw	A:ALA:457:O	A:SER:464:N
0	vdw	A:ALA:457:C	A:SER:464:CB
0	vdw	A:ASP:458:N	A:SER:464:CB
0	vdw	A:ASP:458:OD1	A:SER:464:CB
0	vdw	A:ALA:457:CB	A:SER:464:CA
0	vdw	A:ALA:457:CB	A:SER:464:CB
0	vdw	A:ASN:424:N	A:SER:422:C
0	vdw	A:ARG:428:CD	A:SER:422:O
0	vdw	A:ARG:428:NH1	A:GLU:462:O
0	vdw	A:ARG:428:NH1	A:GLY:463:O
0	vdw	A:ASN:423:O	A:SER:425:N
0	vdw	A:ILE:521:CD1	A:SER:687:CB
0	vdw	A:ILE:521:CD1	A:SER:687:OG
0	vdw	A:SER:687:CB	A:THR:684:O
0	vdw	A:SER:687:CB	A:THR:684:OG1
0	vdw	A:SER:687:OG	A:THR:684:C
0	vdw	A:SER:687:OG	A:THR:684:O
0	vdw	A:SER:687:OG	A:THR:684:OG1
0	vdw	A:SER:687:OG	A:THR:684:N
0	vdw	A:ILE:521:CD1	A:ILE:688:CD1
0	vdw	A:ILE:688:CD1	A:LEU:592:CD1
0	vdw	A:LEU:592:CD2	A:TYR:594:CD2
0	vdw	A:LEU:592:CD2	A:TYR:594:CE2
0	vdw	A:LEU:592:CD2	A:TYR:594:CZ
0	vdw	A:THR:692:CA	A:TYR:594:OH
0	vdw	A:THR:692:CB	A:TYR:594:OH
0	vdw	A:THR:692:OG1	A:TYR:594:OH
0	vdw	A:LEU:712:CG	A:TYR:594:CB
0	vdw	A:LEU:712:CD1	A:TYR:594:CB
0	vdw	A:THR:692:OG1	A:TYR:594:CZ
0	vdw	A:ARG:549:NH2	A:PRO:711:C
0	vdw	A:ARG:549:NH2	A:LEU:712:N
0	vdw	A:GLY:527:CA	A:PRO:711:C
0	vdw	A:GLY:527:CA	A:LEU:712:CD2
0	vdw	A:LEU:528:N	A:LEU:712:CD2
0	vdw	A:LEU:712:CD2	A:TYR:594:O
0	vdw	A:PRO:711:C	A:TYR:713:N
0	vdw	A:ARG:549:NH2	A:PRO:711:O
0	vdw	A:ARG:549:NH2	A:LEU:712:CA
0	vdw	A:ARG:549:NH2	A:LEU:712:C
0	vdw	A:ARG:549:NH2	A:LEU:712:O
0	vdw	A:ARG:549:NH2	A:SER:715:OG
0	vdw	A:LEU:712:CA	A:SER:715:OG
0	vdw	A:LEU:712:C	A:SER:715:OG
0	vdw	A:LEU:712:O	A:SER:715:OG
0	vdw	A:ARG:549:NH2	A:SER:715:N
0	vdw	A:ARG:549:NH2	A:SER:715:CB
0	vdw	A:LEU:712:O	A:SER:715:N
0	vdw	A:LEU:712:O	A:SER:715:CA
0	vdw	A:LEU:712:O	A:SER:715:CB
0	vdw	A:GLY:714:N	A:LEU:712:C
0	vdw	A:GLY:714:N	A:LEU:712:O
0	vdw	A:ARG:717:CA	A:GLY:714:O
0	vdw	A:GLY:714:O	A:MET:718:N
0	vdw	A:MET:718:N	A:SER:715:O
0	vdw	A:ASP:529:CB	A:SER:715:CB
0	vdw	A:ASP:716:N	A:GLY:714:O
0	vdw	A:ALA:719:N	A:SER:715:O
0	vdw	A:ALA:719:CA	A:SER:715:O
0	vdw	A:ALA:719:CB	A:SER:715:O
0	vdw	A:ARG:717:N	A:GLY:714:O
0	vdw	A:ARG:717:N	A:SER:715:C
0	vdw	A:ARG:717:N	A:SER:715:O
0	vdw	A:ASP:529:OD2	A:SER:715:CA
0	vdw	A:ASP:529:OD2	A:SER:715:C
0	vdw	A:ASP:529:CG	A:SER:715:CB
0	vdw	A:ASP:529:OD2	A:SER:715:CB
0	vdw	A:ASP:529:OD2	A:SER:715:O
0	vdw	A:ARG:717:CB	A:GLY:714:O
0	vdw	A:ALA:719:N	A:ARG:717:C
0	vdw	A:ASP:716:C	A:MET:718:N
0	vdw	A:ASP:716:O	A:MET:718:N
0	vdw	A:ARG:717:C	A:GLU:720:N
0	vdw	A:GLU:720:N	A:MET:718:C
0	vdw	A:ARG:717:O	A:LEU:721:N
0	vdw	A:ARG:717:O	A:LEU:721:CB
0	vdw	A:ARG:717:O	A:LEU:721:CG
0	vdw	A:ARG:717:O	A:GLU:720:N
0	vdw	A:LEU:721:N	A:MET:718:O
0	vdw	A:ALA:719:C	A:LEU:721:N
0	vdw	A:ALA:719:O	A:LEU:721:N
0	vdw	A:LEU:721:CB	A:MET:718:O
0	vdw	A:ARG:717:O	A:GLU:720:CB
0	vdw	A:ARG:717:O	A:GLU:720:CA
0	vdw	A:ARG:428:NH2	A:GLU:462:O
0	vdw	A:ARG:428:CZ	A:GLU:462:O
0	vdw	A:ALA:683:N	A:HIS:681:O
0	vdw	A:ALA:683:CB	A:ILE:619:CG2
0	vdw	A:HIS:681:O	A:ILE:619:CG1
0	vdw	A:ILE:593:O	A:VAL:621:O
0	vdw	A:TYR:594:CA	A:VAL:621:O
0	vdw	A:ILE:593:O	A:VAL:621:N
0	vdw	A:GLY:527:CA	A:TYR:594:O
0	vdw	A:GLY:527:C	A:TYR:594:O
0	vdw	A:LEU:528:N	A:TYR:594:O
0	vdw	A:LEU:528:CA	A:TYR:594:O
0	vdw	A:LEU:528:CB	A:TYR:594:O
0	vdw	A:GLY:527:CA	A:PRO:711:O
0	vdw	A:TYR:594:C	A:VAL:621:O
0	vdw	A:ARG:595:NH1	A:LEU:528:O
0	vdw	A:ARG:595:CA	A:LEU:528:O
0	vdw	A:ASP:596:N	A:LEU:528:O
0	vdw	A:ARG:595:CD	A:LEU:528:O
0	vdw	A:ALA:531:CB	A:ALA:719:CA
0	vdw	A:ALA:531:CB	A:ALA:719:CB
0	vdw	A:ALA:531:CA	A:ALA:719:CB
0	vdw	A:ALA:719:N	A:ARG:717:O
0	vdw	A:ALA:719:N	A:ASP:716:C
0	vdw	A:ALA:719:N	A:ASP:716:O
0	vdw	A:ALA:719:CA	A:ASP:716:O
0	vdw	A:ALA:719:CB	A:ASP:716:O
0	vdw	A:GLU:720:N	A:MET:718:O
0	vdw	A:LEU:721:C	A:MET:718:O
0	vdw	A:ARG:722:N	A:MET:718:O
0	vdw	A:ALA:719:O	A:ARG:722:N
0	vdw	A:ALA:719:O	A:LEU:723:N
0	vdw	A:ARG:722:N	A:GLU:720:C
0	vdw	A:ARG:722:N	A:GLU:720:O
0	vdw	A:GLU:720:O	A:LEU:723:N
0	vdw	A:LEU:721:C	A:LEU:723:N
0	vdw	A:GLU:720:O	A:LYS:724:N
0	vdw	A:GLU:720:O	A:LYS:724:CG
0	vdw	A:LEU:721:C	A:LYS:724:N
0	vdw	A:ARG:722:C	A:LYS:724:N
0	vdw	A:LEU:721:O	A:LEU:723:N
0	vdw	A:ALA:719:O	A:LEU:723:CG
0	vdw	A:ALA:531:CB	A:ALA:719:C
0	vdw	A:ALA:531:CB	A:ALA:719:O
0	vdw	A:GLU:720:O	A:LEU:723:CB
0	vdw	A:ALA:719:C	A:ASP:716:O
0	vdw	A:ASP:716:O	A:GLU:720:N
0	vdw	A:LEU:721:O	A:LYS:724:N
0	vdw	A:LEU:721:O	A:LYS:724:CA
0	vdw	A:LEU:721:O	A:LYS:724:C
0	vdw	A:LEU:721:O	A:LYS:724:CB
0	vdw	A:ARG:722:O	A:LYS:724:N
0	vdw	A:HIS:681:CA	A:PHE:618:O
0	vdw	A:GLY:680:CA	A:PHE:618:O
0	vdw	A:GLY:680:C	A:PHE:618:O
0	vdw	A:HIS:681:N	A:PHE:618:O
0	vdw	A:ILE:593:N	A:ILE:619:O
0	vdw	A:ILE:593:CA	A:ILE:619:O
0	vdw	A:ILE:593:O	A:ILE:619:O
0	vdw	A:ILE:593:CG2	A:LEU:528:CG
0	vdw	A:ILE:593:CG2	A:LEU:528:CD1
0	vdw	A:ALA:546:CA	A:ASP:529:C
0	vdw	A:ALA:546:N	A:ASP:529:O
0	vdw	A:ALA:546:CA	A:ASP:529:O
0	vdw	A:ALA:546:CB	A:ASP:529:O
0	vdw	A:ALA:531:N	A:ALA:544:O
0	vdw	A:ALA:531:CA	A:ALA:544:O
0	vdw	A:ALA:531:O	A:ALA:544:O
0	vdw	A:ALA:544:CB	A:LEU:723:CD2
0	vdw	A:GLU:679:O	A:LEU:608:CD1
0	vdw	A:GLU:679:O	A:LEU:608:CD2
0	vdw	A:ILE:604:O	A:LEU:607:CB
0	vdw	A:GLU:603:O	A:LEU:607:CB
0	vdw	A:GLU:603:O	A:LEU:607:CG
0	vdw	A:GLU:603:O	A:LEU:607:CD1
0	vdw	A:LEU:607:CD1	A:PHE:599:CD1
0	vdw	A:LEU:607:CD1	A:PHE:599:CE1
0	vdw	A:GLU:603:OE1	A:ILE:572:CG1
0	vdw	A:ILE:530:CD1	A:ILE:572:CG1
0	vdw	A:ILE:530:CD1	A:ILE:572:CD1
0	vdw	A:ALA:546:CB	A:ILE:572:CD1
0	vdw	A:ILE:530:CG1	A:ILE:572:CD1
0	vdw	A:CYS:545:N	A:ILE:567:CD1
0	vdw	A:CYS:545:CA	A:ILE:567:CD1
0	vdw	A:CYS:545:CA	A:ILE:567:CG1
0	vdw	A:ASN:543:O	A:LEU:566:CD2
0	vdw	A:ASN:543:O	A:LEU:566:C
0	vdw	A:ASN:543:O	A:ILE:567:N
0	vdw	A:ASN:543:O	A:LEU:566:CA
0	vdw	A:ASN:543:O	A:ILE:567:O
0	vdw	A:ALA:531:O	A:ALA:544:N
0	vdw	A:ILE:604:O	A:LEU:608:CB
0	vdw	A:ILE:604:O	A:LEU:608:CG
0	vdw	A:ASN:606:N	A:ILE:604:C
0	vdw	A:ASN:606:N	A:ILE:604:O
0	vdw	A:ILE:604:O	A:LEU:607:N
0	vdw	A:ASN:606:N	A:GLU:603:O
0	vdw	A:ASN:606:CA	A:GLU:603:O
0	vdw	A:GLU:603:O	A:LEU:607:N
0	vdw	A:GLU:605:C	A:LEU:607:N
0	vdw	A:GLU:605:O	A:LEU:607:N
0	vdw	A:ARG:602:O	A:ASN:606:N
0	vdw	A:ASN:606:CB	A:GLU:603:O
0	vdw	A:ARG:602:O	A:ASN:606:CB
0	vdw	A:GLU:603:O	A:GLU:605:N
0	vdw	A:GLU:571:C	A:PRO:573:N
0	vdw	A:GLU:571:O	A:PRO:573:N
0	vdw	A:ILE:567:CG2	A:PRO:573:CD
0	vdw	A:GLU:571:O	A:ILE:567:CG2
0	vdw	A:GLU:571:O	A:PRO:573:CD
0	vdw	A:GLU:571:C	A:PRO:573:CD
0	vdw	A:GLY:569:N	A:ILE:567:C
0	vdw	A:ARG:602:O	A:GLU:605:CA
0	vdw	A:ARG:602:O	A:GLU:605:C
0	vdw	A:ARG:602:O	A:GLU:605:CB
0	vdw	A:ARG:602:O	A:ASN:606:CG
0	vdw	A:ARG:602:O	A:ASN:606:ND2
0	vdw	A:ASN:606:ND2	A:ILE:572:O
0	vdw	A:ARG:602:NH2	A:GLU:605:OE2
0	vdw	A:LYS:489:C	A:VAL:491:N
0	vdw	A:LYS:489:O	A:VAL:491:N
0	vdw	A:LYS:489:O	A:VAL:491:CG2
0	vdw	A:ASP:486:C	A:LYS:489:N
0	vdw	A:ASP:486:OD1	A:LYS:489:CD
0	vdw	A:GLU:336:N	A:SER:334:OG
0	vdw	A:ASP:486:O	A:LYS:489:N
0	vdw	A:ASP:486:O	A:LYS:489:CB
0	vdw	A:ASP:486:CB	A:GLU:452:OE2
0	vdw	A:ASP:486:CB	A:GLU:452:CD
0	vdw	A:ASP:485:OD1	A:GLU:452:N
0	vdw	A:ASP:485:OD1	A:GLU:452:CB
0	vdw	A:PRO:331:C	A:VAL:333:N
0	vdw	A:PRO:331:O	A:VAL:333:N
0	vdw	A:LEU:335:N	A:VAL:333:C
0	vdw	A:LEU:335:N	A:VAL:333:O
0	vdw	A:GLU:336:N	A:SER:334:C
0	vdw	A:PRO:331:CB	A:VAL:333:O
0	vdw	A:ARG:455:NH2	A:THR:487:OG1
0	vdw	A:PRO:451:C	A:SER:453:N
0	vdw	A:ASP:454:N	A:GLU:452:C
0	vdw	A:PRO:451:O	A:SER:453:N
0	vdw	A:LEU:330:O	A:SER:332:N
0	vdw	A:LEU:693:CD1	A:PRO:331:CG
0	vdw	A:GLN:644:NE2	A:LEU:335:CD2
0	vdw	A:GLN:644:CD	A:LEU:335:CD2
0	vdw	A:GLN:644:NE2	A:THR:659:O
0	vdw	A:ARG:455:NE	A:GLU:452:OE1
0	vdw	A:ARG:455:N	A:GLU:452:O
0	vdw	A:ARG:455:N	A:SER:453:C
0	vdw	A:ARG:455:CB	A:GLU:452:O
0	vdw	A:ASP:454:N	A:PRO:451:O
0	vdw	A:ASP:454:CA	A:PRO:451:O
0	vdw	A:ASP:454:CB	A:PRO:451:O
0	vdw	A:ASP:454:N	A:GLU:452:O
0	vdw	A:ILE:689:O	A:LEU:693:N
0	vdw	A:ILE:689:O	A:LEU:693:CB
0	vdw	A:ILE:689:O	A:LEU:693:CG
0	vdw	A:ILE:689:O	A:THR:692:CB
0	vdw	A:GLY:645:CA	A:LEU:693:CD1
0	vdw	A:GLY:645:CA	A:LEU:693:CD2
0	vdw	A:ILE:658:O	A:LEU:693:CD2
0	vdw	A:LEU:708:N	A:PRO:706:C
0	vdw	A:ARG:707:C	A:THR:659:OG1
0	vdw	A:ARG:707:O	A:THR:659:OG1
0	vdw	A:ARG:707:O	A:LEU:672:CD1
0	vdw	A:ARG:707:O	A:THR:659:CB
0	vdw	A:ARG:707:O	A:THR:659:CG2
0	vdw	A:PRO:706:CB	A:TYR:713:CD2
0	vdw	A:PRO:706:CB	A:TYR:713:CE2
0	vdw	A:ARG:707:N	A:THR:660:CG2
0	vdw	A:ALA:457:CA	A:ASP:454:O
0	vdw	A:ALA:457:CB	A:ASP:454:O
0	vdw	A:ALA:457:CB	A:SER:422:OG
0	vdw	A:ALA:457:N	A:ASP:454:C
0	vdw	A:ALA:457:N	A:ASP:454:O
0	vdw	A:ASP:454:C	A:GLU:456:N
0	vdw	A:ASP:454:O	A:GLU:456:N
0	vdw	A:ASN:421:CG	A:ASN:423:N
0	vdw	A:ASN:421:OD1	A:ASN:423:N
0	vdw	A:GLU:686:O	A:ILE:689:N
0	vdw	A:ASP:690:N	A:GLU:686:O
0	vdw	A:SER:687:N	A:THR:684:O
0	vdw	A:SER:687:N	A:THR:684:OG1
0	vdw	A:GLU:686:C	A:ILE:688:N
0	vdw	A:GLU:686:O	A:ILE:688:N
0	vdw	A:ILE:685:O	A:SER:687:N
0	vdw	A:GLU:686:O	A:ILE:689:CB
0	vdw	A:ILE:685:C	A:SER:687:N
0	vdw	A:ASP:690:N	A:ILE:688:C
0	vdw	A:ASP:690:N	A:ILE:688:O
0	vdw	A:ILE:685:O	A:ILE:689:N
0	vdw	A:ILE:688:O	A:THR:692:CA
0	vdw	A:ILE:688:O	A:THR:692:CB
0	vdw	A:ILE:688:O	A:THR:692:OG1
0	vdw	A:THR:692:OG1	A:TYR:594:CE1
0	vdw	A:LEU:708:CG	A:LYS:625:CE
0	vdw	A:LEU:708:CG	A:LYS:625:NZ
0	vdw	A:LEU:708:CD1	A:LYS:625:CE
0	vdw	A:LEU:708:CD1	A:LYS:625:NZ
0	vdw	A:ASP:458:CB	A:HIS:467:CE1
0	vdw	A:ASP:458:CG	A:HIS:467:CE1
0	vdw	A:ASP:458:OD1	A:HIS:467:CE1
0	vdw	A:ASP:458:C	A:THR:460:N
0	vdw	A:ASP:458:N	A:GLU:456:C
0	vdw	A:ASP:458:N	A:GLU:456:O
0	vdw	A:ALA:457:O	A:THR:460:OG1
0	vdw	A:ALA:457:O	A:GLY:463:C
0	vdw	A:ALA:457:O	A:GLY:463:CA
0	vdw	A:GLY:463:N	A:THR:460:OG1
0	vdw	A:GLY:463:CA	A:THR:460:OG1
0	vdw	A:ALA:457:O	A:THR:460:CG2
0	vdw	A:ALA:457:O	A:THR:460:CB
0	vdw	A:ALA:457:O	A:THR:460:N
0	vdw	A:ALA:457:C	A:TYR:459:N
0	vdw	A:ALA:457:O	A:TYR:459:N
0	vdw	A:ASN:423:OD1	A:GLU:462:OE2
0	vdw	A:GLU:686:N	A:THR:684:C
0	vdw	A:GLU:686:N	A:THR:684:O
0	vdw	A:ILE:688:N	A:THR:684:O
0	vdw	A:ILE:688:CG1	A:THR:684:O
0	vdw	A:GLU:686:OE2	A:THR:684:CB
0	vdw	A:ILE:676:CD1	A:THR:684:C
0	vdw	A:ILE:676:CD1	A:ILE:685:N
0	vdw	A:ILE:685:O	A:ILE:688:N
0	vdw	A:ILE:685:O	A:ILE:688:CB
0	vdw	A:ILE:676:CG1	A:ILE:688:CG1
0	vdw	A:ILE:676:CD1	A:ILE:688:CG1
0	vdw	A:ILE:685:O	A:ILE:689:CB
0	vdw	A:ILE:685:O	A:ILE:689:CG1
0	vdw	A:ILE:685:O	A:ILE:689:CD1
0	vdw	A:CYS:623:CB	A:LEU:712:CD1
0	vdw	A:ASP:529:OD1	A:ASP:596:OD2
0	vdw	A:ASP:529:OD2	A:ASP:716:N
0	vdw	A:ASP:716:O	A:GLU:720:CB
0	vdw	A:ASP:716:O	A:GLU:720:CA
0	vdw	A:HIS:467:CE1	A:LYS:724:CD
0	vdw	A:HIS:467:CE1	A:LYS:724:CE
0	vdw	A:HIS:467:CE1	A:LYS:724:NZ
0	vdw	A:GLY:463:N	A:THR:460:O
0	vdw	A:GLY:463:CA	A:THR:460:O
0	vdw	A:GLU:462:N	A:THR:460:O
0	vdw	A:GLU:461:C	A:GLY:463:N
0	vdw	A:GLY:463:N	A:THR:460:C
0	vdw	A:GLU:461:O	A:GLY:463:N
0	vdw	A:GLU:462:N	A:THR:460:C
0	vdw	A:ILE:676:CD1	A:ILE:685:CD1
0	vdw	A:ILE:676:CD1	A:ILE:685:CA
0	vdw	A:ASN:675:O	A:VAL:621:CA
0	vdw	A:TYR:594:CD1	A:VAL:621:CG1
0	vdw	A:TYR:594:CE1	A:VAL:621:CG1
0	vdw	A:ARG:595:N	A:VAL:621:O
0	vdw	A:ASN:675:O	A:VAL:621:C
0	vdw	A:ASN:675:O	A:GLU:622:N
0	vdw	A:ARG:595:C	A:GLY:597:N
0	vdw	A:ARG:595:O	A:GLY:597:N
0	vdw	A:ARG:595:O	A:GLY:597:O
0	vdw	A:ARG:595:O	A:CYS:623:N
0	vdw	A:ARG:595:O	A:CYS:623:CA
0	vdw	A:ARG:595:O	A:CYS:623:CB
0	vdw	A:ASP:529:OD2	A:ASP:716:CA
0	vdw	A:GLU:679:N	A:LEU:677:C
0	vdw	A:GLU:679:N	A:LEU:677:O
0	vdw	A:GLY:680:N	A:LEU:677:O
0	vdw	A:LEU:620:O	A:LEU:677:N
0	vdw	A:LEU:620:C	A:LEU:677:CD2
0	vdw	A:LEU:620:O	A:LEU:677:CD2
0	vdw	A:ILE:676:CA	A:LEU:620:O
0	vdw	A:ARG:595:CB	A:PHE:599:CE1
0	vdw	A:ARG:595:CB	A:PHE:599:CE2
0	vdw	A:ARG:595:CB	A:PHE:599:CZ
0	vdw	A:GLU:622:CG	A:PHE:599:CD2
0	vdw	A:GLU:622:OE1	A:PHE:599:CD2
0	vdw	A:GLU:622:CG	A:PHE:599:CE2
0	vdw	A:LEU:677:CD2	A:PHE:599:CE2
0	vdw	A:ARG:595:CG	A:GLY:597:O
0	vdw	A:ARG:595:NH2	A:ILE:530:CG1
0	vdw	A:ARG:595:NH2	A:ILE:530:CD1
0	vdw	A:ALA:531:O	A:ASN:543:CA
0	vdw	A:ALA:531:O	A:ASN:543:C
0	vdw	A:LEU:723:CG	A:LYS:533:CB
0	vdw	A:LEU:723:CD1	A:LYS:533:CB
0	vdw	A:LEU:723:CD2	A:LYS:533:CB
0	vdw	A:ARG:532:C	A:LEU:723:CD1
0	vdw	A:ARG:532:O	A:LEU:723:CD1
0	vdw	A:LEU:723:CD1	A:LYS:533:N
0	vdw	A:LEU:723:CD1	A:LYS:533:CA
0	vdw	A:LYS:250:NZ	A:LYS:533:CE
0	vdw	A:GLY:680:N	A:SER:678:C
0	vdw	A:GLY:680:N	A:SER:678:O
0	vdw	A:GLU:679:OE2	A:LEU:677:CB
0	vdw	A:ILE:604:CG1	A:PHE:599:CB
0	vdw	A:GLU:603:OE2	A:PHE:599:CA
0	vdw	A:GLU:603:OE2	A:VAL:600:N
0	vdw	A:GLU:570:O	A:GLU:603:OE1
0	vdw	A:GLU:570:O	A:ILE:530:CD1
0	vdw	A:GLU:603:OE1	A:ILE:530:CD1
0	vdw	A:GLU:570:O	A:ILE:572:N
0	vdw	A:GLU:603:CD	A:ILE:572:N
0	vdw	A:GLU:571:CA	A:GLU:603:OE1
0	vdw	A:GLU:603:OE1	A:ILE:572:N
0	vdw	A:GLU:603:CD	A:VAL:600:O
0	vdw	A:ASN:543:CA	A:ILE:567:O
0	vdw	A:ASN:543:CB	A:ILE:567:O
0	vdw	A:ASN:543:ND2	A:GLY:569:N
0	vdw	A:ASN:543:ND2	A:GLY:569:CA
0	vdw	A:LEU:542:CA	A:LYS:533:O
0	vdw	A:LEU:542:C	A:LYS:533:O
0	vdw	A:LEU:542:CB	A:LYS:533:O
0	vdw	A:LEU:542:O	A:LYS:533:O
0	vdw	A:ASN:543:N	A:THR:541:C
0	vdw	A:LEU:542:C	A:LYS:533:N
0	vdw	A:ARG:532:C	A:LEU:542:O
0	vdw	A:LEU:542:O	A:LYS:533:N
0	vdw	A:LEU:542:O	A:LYS:533:CA
0	vdw	A:LEU:542:O	A:LYS:533:C
0	vdw	A:ARG:532:CA	A:LEU:542:O
0	vdw	A:LEU:542:CG	A:LYS:535:CG
0	vdw	A:GLU:679:CB	A:ILE:604:CG2
0	vdw	A:ARG:602:C	A:ILE:604:N
0	vdw	A:ARG:602:C	A:GLU:605:N
0	vdw	A:GLU:603:C	A:GLU:605:N
0	vdw	A:ARG:602:O	A:ILE:604:N
0	vdw	A:ARG:602:O	A:GLU:605:N
0	vdw	A:GLU:603:CG	A:ILE:572:N
0	vdw	A:GLU:603:N	A:VAL:600:O
0	vdw	A:ASN:601:O	A:GLU:603:N
0	vdw	A:GLU:603:CB	A:VAL:600:O
0	vdw	A:GLU:603:CG	A:VAL:600:O
0	vdw	A:ASN:601:C	A:GLU:603:N
0	vdw	A:ASN:601:ND2	A:GLU:571:CB
0	vdw	A:GLU:571:N	A:GLY:569:C
0	vdw	A:ASN:543:CG	A:GLY:569:C
0	vdw	A:ASN:543:ND2	A:GLY:569:C
0	vdw	A:ASN:543:CB	A:GLY:569:O
0	vdw	A:ASN:543:CG	A:GLY:569:O
0	vdw	A:ASN:543:ND2	A:GLY:569:O
0	vdw	A:GLY:569:N	A:ILE:567:O
0	vdw	A:ASN:543:N	A:ILE:567:O
0	vdw	A:LEU:542:CD2	A:LYS:535:CE
0	vdw	A:LEU:542:CD2	A:LYS:535:CG
0	vdw	A:ARG:602:NE	A:GLU:605:OE2
0	vdw	A:ARG:602:CZ	A:GLU:605:OE2
0	vdw	A:ARG:602:CB	A:GLU:571:OE1
0	vdw	A:ARG:602:N	A:VAL:600:O
0	vdw	A:ASN:601:CB	A:GLU:571:OE2
0	vdw	A:GLN:644:CG	A:THR:659:C
0	vdw	A:GLN:644:CG	A:THR:659:O
0	vdw	A:GLN:644:CD	A:THR:659:O
0	vdw	A:GLY:645:O	A:PRO:331:CD
0	vdw	A:GLY:645:C	A:PRO:331:CD
0	vdw	A:ALA:647:N	A:GLY:645:O
0	vdw	A:GLY:645:N	A:ILE:658:O
0	vdw	A:GLY:645:CA	A:ILE:658:O
0	vdw	A:GLN:644:C	A:LEU:646:N
0	vdw	A:GLY:645:N	A:THR:643:O
0	vdw	A:GLY:645:N	A:THR:643:C
0	vdw	A:ARG:707:CA	A:THR:660:CG2
0	vdw	A:ARG:707:CB	A:THR:660:CG2
0	vdw	A:ARG:455:CD	A:GLU:452:OE1
0	vdw	A:ILE:689:CG2	A:LEU:657:CD1
0	vdw	A:LEU:657:CG	A:THR:659:CG2
0	vdw	A:LEU:657:CD2	A:THR:659:CG2
0	vdw	A:ALA:647:CB	A:LEU:657:CD1
0	vdw	A:LEU:672:CD1	A:THR:659:CG2
0	vdw	A:ILE:658:C	A:THR:660:N
0	vdw	A:ARG:707:CA	A:THR:659:OG1
0	vdw	A:ARG:707:CG	A:THR:659:OG1
0	vdw	A:ARG:670:O	A:ARG:707:CD
0	vdw	A:ALA:457:N	A:ARG:455:C
0	vdw	A:ALA:655:CB	A:ILE:689:CD1
0	vdw	A:ALA:647:CB	A:ILE:689:CD1
0	vdw	A:LEU:672:CD2	A:LEU:708:CD2
0	vdw	A:CYS:623:SG	A:LEU:672:CD2
0	vdw	A:CYS:623:SG	A:LEU:708:CD2
0	vdw	A:ARG:707:NE	A:LEU:672:CD2
0	vdw	A:ARG:707:NH2	A:LEU:672:CD2
0	vdw	A:LEU:708:CD2	A:LYS:625:CE
0	vdw	A:ARG:707:CZ	A:LEU:672:CD2
0	vdw	A:ILE:685:CB	A:SER:652:O
0	vdw	A:ILE:685:CG2	A:SER:652:O
0	vdw	A:ILE:685:CG2	A:LYS:649:CD
0	vdw	A:ALA:655:CB	A:ILE:685:CG1
0	vdw	A:ALA:655:CB	A:ILE:685:CD1
0	vdw	A:ALA:655:O	A:LEU:674:CA
0	vdw	A:GLU:622:O	A:LEU:674:CA
0	vdw	A:GLU:622:O	A:LEU:674:C
0	vdw	A:ARG:673:O	A:CYS:623:CA
0	vdw	A:ARG:673:O	A:CYS:623:C
0	vdw	A:ARG:624:N	A:ARG:673:O
0	vdw	A:ASP:596:OD1	A:LYS:625:CE
0	vdw	A:ASP:596:OD1	A:LYS:625:NZ
0	vdw	A:GLU:654:N	A:SER:652:C
0	vdw	A:ASN:675:CA	A:TYR:653:O
0	vdw	A:ASN:675:C	A:TYR:653:O
0	vdw	A:ILE:676:N	A:TYR:653:O
0	vdw	A:ILE:676:CA	A:TYR:653:O
0	vdw	A:ILE:676:O	A:TYR:653:CB
0	vdw	A:ASN:675:OD1	A:TYR:653:O
0	vdw	A:ASN:675:N	A:GLU:622:O
0	vdw	A:ASN:675:O	A:LEU:677:CD2
0	vdw	A:GLU:622:CA	A:GLY:597:O
0	vdw	A:GLU:622:CB	A:GLY:597:O
0	vdw	A:ARG:673:O	A:GLU:622:O
0	vdw	A:CYS:623:O	A:GLY:597:N
0	vdw	A:CYS:623:O	A:GLY:597:CA
0	vdw	A:GLU:622:CG	A:LEU:677:CD2
0	vdw	A:GLU:622:CG	A:GLY:597:O
0	vdw	A:ARG:598:CA	A:GLU:622:CD
0	vdw	A:ARG:598:CA	A:GLU:622:OE1
0	vdw	A:ARG:624:NH2	A:GLU:622:CD
0	vdw	A:ARG:624:NE	A:GLU:622:OE2
0	vdw	A:ARG:624:NH2	A:GLU:622:OE2
0	vdw	A:ARG:624:CZ	A:GLU:622:OE2
0	vdw	A:GLU:622:OE1	A:PHE:599:N
0	vdw	A:ASN:675:ND2	A:GLU:622:OE2
0	vdw	A:ARG:598:O	A:VAL:600:CG2
0	vdw	A:ARG:532:CB	A:ASN:543:OD1
0	vdw	A:ARG:532:CG	A:ASN:543:OD1
0	vdw	A:LEU:542:N	A:LYS:533:C
0	vdw	A:LYS:533:C	A:LYS:535:N
0	vdw	A:LYS:250:NZ	A:LYS:533:CG
0	vdw	A:GLU:570:OE2	A:VAL:600:CG2
0	vdw	A:ASN:543:OD1	A:THR:541:OG1
0	vdw	A:LYS:533:O	A:THR:541:CA
0	vdw	A:LYS:533:O	A:THR:541:C
0	vdw	A:LYS:533:O	A:THR:541:CB
0	vdw	A:LEU:542:N	A:LYS:533:O
0	vdw	A:LYS:533:O	A:LYS:535:N
0	vdw	A:PRO:534:CA	A:THR:541:CA
0	vdw	A:ALA:536:N	A:PRO:534:O
0	vdw	A:GLY:540:O	A:PRO:534:CA
0	vdw	A:GLY:540:O	A:PRO:534:C
0	vdw	A:GLY:540:O	A:LYS:535:N
0	vdw	A:ASP:537:N	A:LYS:535:C
0	vdw	A:ASP:537:N	A:LYS:535:O
0	vdw	A:LEU:538:O	A:LYS:535:O
0	vdw	A:LEU:538:O	A:LYS:535:CB
0	vdw	A:ASP:537:CA	A:LYS:252:CE
0	vdw	A:ASP:537:CB	A:LYS:252:CE
0	vdw	A:ASP:537:CB	A:LYS:252:NZ
0	vdw	A:ASP:537:CG	A:LYS:252:CE
0	vdw	A:ASP:537:CG	A:LYS:252:NZ
0	vdw	A:ASP:537:OD1	A:LYS:252:CE
0	vdw	A:ASP:537:OD1	A:LYS:252:NZ
0	vdw	A:ALA:3:N	A:MET:1:O
0	vdw	A:MET:666:CE	A:SER:663:N
0	vdw	A:MET:666:CE	A:SER:663:OG
0	vdw	A:LEU:330:CD1	A:PHE:11:CZ
0	vdw	A:GLN:644:N	A:PRO:642:O
0	vdw	A:ASN:633:CG	A:THR:643:N
0	vdw	A:ASN:633:ND2	A:THR:643:N
0	vdw	A:ASN:633:OD1	A:THR:643:N
0	vdw	A:ASN:633:ND2	A:THR:643:CB
0	vdw	A:ASN:633:CG	A:THR:643:OG1
0	vdw	A:ASN:633:ND2	A:THR:643:OG1
0	vdw	A:LEU:646:CA	A:THR:643:O
0	vdw	A:LEU:329:O	A:LEU:646:CA
0	vdw	A:LEU:646:CD1	A:PHE:11:CG
0	vdw	A:LEU:646:CD1	A:PHE:11:CD2
0	vdw	A:LEU:646:N	A:THR:643:O
0	vdw	A:LEU:646:CB	A:THR:643:O
0	vdw	A:ILE:658:CG2	A:THR:643:O
0	vdw	A:ILE:658:CG2	A:THR:660:O
0	vdw	A:ALA:669:CB	A:THR:660:O
0	vdw	A:ILE:658:CG1	A:LEU:631:CD1
0	vdw	A:ALA:669:CB	A:THR:660:OG1
0	vdw	A:ALA:669:CB	A:VAL:662:CG2
0	vdw	A:ALA:647:O	A:PHE:328:C
0	vdw	A:ALA:647:O	A:LEU:329:N
0	vdw	A:PHE:328:O	A:SER:325:O
0	vdw	A:ALA:647:N	A:LEU:329:O
0	vdw	A:LEU:329:O	A:LEU:646:C
0	vdw	A:ALA:647:CA	A:ILE:656:O
0	vdw	A:ALA:647:C	A:ILE:656:O
0	vdw	A:ALA:647:CB	A:ILE:656:O
0	vdw	A:ILE:656:O	A:LEU:648:N
0	vdw	A:ALA:647:O	A:PHE:328:CA
0	vdw	A:ILE:658:N	A:LEU:646:O
0	vdw	A:LEU:657:CA	A:LEU:672:O
0	vdw	A:ILE:658:CB	A:LEU:646:O
0	vdw	A:ILE:658:CG1	A:LEU:646:O
0	vdw	A:LEU:657:O	A:PRO:671:CA
0	vdw	A:LEU:657:O	A:LEU:672:N
0	vdw	A:LEU:657:O	A:LEU:672:CA
0	vdw	A:LEU:657:O	A:PRO:671:CB
0	vdw	A:ILE:658:CD1	A:PRO:671:CB
0	vdw	A:ILE:658:CD1	A:PRO:671:CG
0	vdw	A:LEU:657:O	A:PRO:671:C
0	vdw	A:ARG:670:O	A:ARG:707:NE
0	vdw	A:ARG:630:NH1	A:ARG:670:C
0	vdw	A:ARG:670:O	A:ARG:707:CZ
0	vdw	A:LEU:327:O	A:LYS:649:CB
0	vdw	A:ILE:656:N	A:LEU:648:O
0	vdw	A:ALA:655:CA	A:LEU:648:O
0	vdw	A:ALA:655:CB	A:LEU:648:O
0	vdw	A:ALA:655:C	A:LEU:648:O
0	vdw	A:LEU:648:O	A:LEU:650:N
0	vdw	A:LEU:327:O	A:LYS:649:CA
0	vdw	A:ILE:656:CA	A:LEU:672:O
0	vdw	A:ILE:656:C	A:LEU:672:O
0	vdw	A:LEU:657:N	A:LEU:672:O
0	vdw	A:ARG:707:NH2	A:PRO:671:C
0	vdw	A:ARG:707:NH2	A:PRO:671:O
0	vdw	A:ARG:707:CZ	A:PRO:671:O
0	vdw	A:ARG:707:NH2	A:LYS:625:CA
0	vdw	A:ARG:707:NH2	A:LYS:625:CB
0	vdw	A:ILE:628:CD1	A:PRO:671:O
0	vdw	A:ARG:670:CB	A:ARG:707:NH1
0	vdw	A:ARG:670:CB	A:ARG:707:CZ
0	vdw	A:LYS:649:CG	A:SER:651:O
0	vdw	A:LYS:649:CD	A:SER:651:O
0	vdw	A:GLU:654:O	A:SER:651:O
0	vdw	A:LYS:649:CG	A:SER:651:C
0	vdw	A:SER:651:O	A:TYR:653:N
0	vdw	A:GLU:654:C	A:LEU:674:O
0	vdw	A:ALA:655:N	A:LEU:674:O
0	vdw	A:GLU:654:O	A:LEU:650:N
0	vdw	A:GLU:654:O	A:LEU:650:CA
0	vdw	A:GLU:654:O	A:LEU:650:CB
0	vdw	A:GLU:654:O	A:SER:651:N
0	vdw	A:ALA:655:O	A:LEU:674:N
0	vdw	A:ALA:655:O	A:LEU:674:O
0	vdw	A:ALA:655:O	A:ARG:673:CA
0	vdw	A:ALA:655:O	A:ARG:673:C
0	vdw	A:GLU:654:CG	A:LEU:674:O
0	vdw	A:ARG:624:O	A:ARG:673:N
0	vdw	A:ARG:673:N	A:ILE:628:CD1
0	vdw	A:ARG:673:CB	A:ILE:628:CD1
0	vdw	A:ARG:673:CG	A:GLU:654:OE1
0	vdw	A:ARG:624:C	A:THR:626:N
0	vdw	A:ARG:624:C	A:ILE:628:CD1
0	vdw	A:ARG:624:O	A:ILE:628:CD1
0	vdw	A:ILE:628:CD1	A:LYS:625:CA
0	vdw	A:ILE:628:CD1	A:LYS:625:C
0	vdw	A:SER:651:C	A:TYR:653:N
0	vdw	A:SER:651:OG	A:TYR:653:N
0	vdw	A:GLU:151:OE2	A:SER:651:CA
0	vdw	A:GLU:151:OE2	A:SER:652:N
0	vdw	A:GLU:654:N	A:SER:651:OG
0	vdw	A:GLU:654:CB	A:SER:651:OG
0	vdw	A:GLU:654:CA	A:LEU:674:O
0	vdw	A:ARG:598:CG	A:ARG:624:NE
0	vdw	A:ARG:598:CG	A:ARG:624:NH2
0	vdw	A:ARG:598:CD	A:ARG:624:NH2
0	vdw	A:ARG:598:NE	A:ARG:624:NH2
0	vdw	A:ARG:598:CG	A:ARG:624:CZ
0	vdw	A:ARG:598:CD	A:ARG:624:CZ
0	vdw	A:ARG:598:NE	A:ARG:624:CZ
0	vdw	A:ARG:598:CZ	A:ARG:624:CZ
0	vdw	A:ARG:598:NE	A:ARG:624:NH1
0	vdw	A:LYS:250:CD	A:PRO:534:CB
0	vdw	A:ALA:536:O	A:LYS:250:O
0	vdw	A:GLY:540:N	A:LEU:538:C
0	vdw	A:GLY:540:N	A:LEU:538:O
0	vdw	A:THR:2:C	A:THR:4:N
0	vdw	A:THR:2:O	A:THR:4:N
0	vdw	A:ALA:3:C	A:LEU:5:N
0	vdw	A:ALA:3:O	A:LEU:5:N
0	vdw	A:ALA:6:N	A:THR:4:C
0	vdw	A:ALA:6:N	A:THR:4:O
0	vdw	A:LEU:5:O	A:THR:7:N
0	vdw	A:LEU:5:C	A:THR:7:N
0	vdw	A:ALA:6:C	A:ALA:8:N
0	vdw	A:ALA:6:O	A:ALA:8:N
0	vdw	A:SER:9:N	A:THR:7:C
0	vdw	A:SER:9:N	A:THR:7:O
0	vdw	A:PHE:11:CE1	A:SER:9:CB
0	vdw	A:PHE:11:CZ	A:SER:9:CB
0	vdw	A:ALA:8:C	A:THR:10:N
0	vdw	A:MET:666:N	A:SER:663:O
0	vdw	A:GLY:667:O	A:SER:663:O
0	vdw	A:ASN:665:N	A:SER:663:C
0	vdw	A:ASN:665:N	A:SER:663:O
0	vdw	A:MET:666:CA	A:SER:663:O
0	vdw	A:MET:666:CB	A:SER:663:O
0	vdw	A:MET:666:CG	A:SER:663:OG
0	vdw	A:GLY:667:N	A:SER:663:O
0	vdw	A:GLU:664:C	A:MET:666:N
0	vdw	A:GLU:664:O	A:MET:666:N
0	vdw	A:ASN:665:C	A:GLY:667:N
0	vdw	A:ASN:321:ND2	A:SER:9:O
0	vdw	A:ASN:633:OD1	A:PHE:11:CD1
0	vdw	A:ASN:633:OD1	A:PHE:11:CE1
0	vdw	A:ASN:633:CG	A:PRO:642:CA
0	vdw	A:ASN:633:ND2	A:PRO:642:C
0	vdw	A:ALA:641:O	A:ASN:633:CB
0	vdw	A:ALA:641:O	A:ASN:633:CG
0	vdw	A:ALA:641:O	A:ASN:633:ND2
0	vdw	A:ASN:633:CB	A:THR:640:OG1
0	vdw	A:PRO:642:N	A:THR:640:O
0	vdw	A:LEU:668:CD2	A:PRO:642:CD
0	vdw	A:LEU:631:O	A:PRO:642:CD
0	vdw	A:ALA:641:CB	A:TYR:289:OH
0	vdw	A:GLY:667:O	A:VAL:662:CG2
0	vdw	A:LEU:668:CA	A:VAL:662:CG2
0	vdw	A:LEU:668:C	A:VAL:662:CG2
0	vdw	A:ALA:669:N	A:VAL:662:CG2
0	vdw	A:ALA:669:CA	A:VAL:662:CG2
0	vdw	A:LYS:286:NZ	A:MET:666:O
0	vdw	A:LYS:286:CD	A:MET:666:O
0	vdw	A:ASN:321:O	A:SER:325:CB
0	vdw	A:ASN:321:ND2	A:PHE:11:CD2
0	vdw	A:ASN:321:CG	A:PHE:11:CD2
0	vdw	A:PHE:11:CB	A:PHE:328:CD1
0	vdw	A:PHE:11:CB	A:PHE:328:CE1
0	vdw	A:LEU:631:O	A:PRO:642:CB
0	vdw	A:LEU:631:O	A:PRO:642:CG
0	vdw	A:ALA:669:C	A:ARG:630:NH1
0	vdw	A:ALA:669:C	A:PRO:671:CD
0	vdw	A:ALA:669:O	A:ARG:630:NH1
0	vdw	A:ALA:669:O	A:ARG:630:CZ
0	vdw	A:ALA:669:O	A:PRO:671:CD
0	vdw	A:LEU:282:CD1	A:TRP:278:NE1
0	vdw	A:LEU:282:CD1	A:TRP:278:CD1
0	vdw	A:GLN:268:CB	A:TRP:278:NE1
0	vdw	A:GLN:268:CG	A:TRP:278:CD1
0	vdw	A:LEU:282:CG	A:TRP:278:NE1
0	vdw	A:PHE:328:N	A:SER:325:O
0	vdw	A:LEU:327:N	A:SER:325:C
0	vdw	A:LEU:327:N	A:SER:325:O
0	vdw	A:ASN:324:C	A:ASP:326:N
0	vdw	A:ASN:324:O	A:ASP:326:N
0	vdw	A:ASN:321:O	A:SER:325:CA
0	vdw	A:ASN:320:C	A:PHE:328:CD2
0	vdw	A:ASN:321:N	A:PHE:328:CD2
0	vdw	A:ASN:321:CA	A:PHE:328:CD2
0	vdw	A:ASN:321:CB	A:PHE:328:CD2
0	vdw	A:LEU:631:CD2	A:SER:13:CB
0	vdw	A:ILE:628:CG2	A:PRO:671:CB
0	vdw	A:PRO:629:O	A:PRO:671:CG
0	vdw	A:ARG:630:NH1	A:ARG:670:N
0	vdw	A:ARG:630:NH1	A:ARG:670:CA
0	vdw	A:ARG:630:NH1	A:PRO:671:N
0	vdw	A:ARG:630:NH1	A:PRO:671:CD
0	vdw	A:ARG:630:CZ	A:ARG:670:CA
0	vdw	A:ARG:630:CZ	A:PRO:671:CD
0	vdw	A:ARG:630:NH1	A:ARG:670:CB
0	vdw	A:ARG:630:NH1	A:ARG:670:CG
0	vdw	A:ARG:630:CZ	A:ARG:670:CB
0	vdw	A:ARG:630:CZ	A:ARG:670:CG
0	vdw	A:ARG:630:CD	A:PRO:671:CD
0	vdw	A:ARG:670:N	A:LEU:668:O
0	vdw	A:ARG:630:NH2	A:ARG:670:CB
0	vdw	A:ARG:630:NH2	A:ARG:670:CG
0	vdw	A:ARG:630:NH2	A:ARG:670:CD
0	vdw	A:ARG:630:NH2	A:ARG:670:NE
0	vdw	A:GLN:268:CA	A:TRP:278:CG
0	vdw	A:GLN:268:CA	A:TRP:278:CD2
0	vdw	A:GLN:268:CA	A:TRP:278:CE2
0	vdw	A:GLN:268:CB	A:TRP:278:CD1
0	vdw	A:GLN:268:CB	A:TRP:278:CE2
0	vdw	A:GLN:268:C	A:THR:270:N
0	vdw	A:GLN:268:O	A:THR:270:N
0	vdw	A:LYS:269:N	A:SER:267:O
0	vdw	A:LYS:269:N	A:SER:267:OG
0	vdw	A:LYS:269:N	A:SER:267:C
0	vdw	A:ASP:326:C	A:PHE:328:N
0	vdw	A:ASN:324:O	A:LEU:327:N
0	vdw	A:LEU:327:O	A:LEU:648:CA
0	vdw	A:LEU:327:O	A:LEU:648:C
0	vdw	A:LEU:327:O	A:LYS:649:N
0	vdw	A:LEU:327:CD2	A:LYS:649:O
0	vdw	A:ASN:324:CB	A:LEU:327:CG
0	vdw	A:ASN:324:O	A:LEU:327:CB
0	vdw	A:LEU:648:C	A:LEU:650:N
0	vdw	A:LEU:648:CD1	A:PHE:328:CZ
0	vdw	A:LEU:648:CD1	A:PHE:328:CE2
0	vdw	A:ILE:628:CG2	A:ILE:656:CG2
0	vdw	A:ILE:656:CD1	A:PRO:629:CG
0	vdw	A:ILE:656:CD1	A:PRO:629:CD
0	vdw	A:ILE:656:CG2	A:PRO:671:CB
0	vdw	A:LYS:269:CB	A:SER:267:OG
0	vdw	A:GLU:151:O	A:LEU:327:CD2
0	vdw	A:LYS:649:C	A:SER:651:N
0	vdw	A:GLU:151:CB	A:LEU:650:O
0	vdw	A:ILE:150:CA	A:LEU:650:O
0	vdw	A:ILE:150:C	A:LEU:650:O
0	vdw	A:GLU:151:N	A:LEU:650:O
0	vdw	A:GLU:151:CA	A:LEU:650:O
0	vdw	A:LEU:648:CD2	A:LEU:650:CD2
0	vdw	A:ILE:15:CD1	A:LEU:650:CD2
0	vdw	A:GLU:654:CD	A:LEU:650:CD1
0	vdw	A:ARG:673:NE	A:LEU:650:CD1
0	vdw	A:ARG:673:NH2	A:LEU:650:CD1
0	vdw	A:ARG:673:CZ	A:LEU:650:CD1
0	vdw	A:ILE:628:CA	A:TRP:146:CZ2
0	vdw	A:ILE:628:CG1	A:THR:626:C
0	vdw	A:ILE:628:CG1	A:THR:626:O
0	vdw	A:ILE:628:N	A:THR:626:C
0	vdw	A:ILE:628:N	A:THR:626:O
0	vdw	A:GLU:151:OE1	A:GLY:154:CA
0	vdw	A:GLU:151:CG	A:GLY:154:C
0	vdw	A:GLY:154:N	A:ILE:152:C
0	vdw	A:GLY:154:N	A:ILE:152:O
0	vdw	A:GLU:151:OE2	A:SER:651:CB
0	vdw	A:ARG:673:NE	A:GLU:654:CD
0	vdw	A:ARG:673:NH2	A:GLU:654:CD
0	vdw	A:ARG:673:CZ	A:GLU:654:CD
0	vdw	A:ARG:673:NE	A:GLU:654:OE1
0	vdw	A:ARG:673:NH2	A:GLU:654:OE1
0	vdw	A:ARG:673:CZ	A:GLU:654:OE1
0	vdw	A:ARG:673:NH2	A:GLU:654:OE2
0	vdw	A:ARG:673:NH2	A:GLU:148:OE2
0	vdw	A:ARG:673:CD	A:GLU:654:OE1
0	vdw	A:ARG:673:NH1	A:GLU:148:OE1
0	vdw	A:ARG:673:NH1	A:GLU:148:CD
0	vdw	A:ARG:598:NH2	A:ARG:624:NH1
0	vdw	A:ARG:598:CZ	A:ARG:624:NH1
0	vdw	A:ARG:247:CG	A:GLY:249:O
0	vdw	A:ASN:251:N	A:GLY:249:C
0	vdw	A:LYS:250:N	A:PHE:248:O
0	vdw	A:ARG:247:CZ	A:VAL:208:CG2
0	vdw	A:ARG:247:NH2	A:VAL:208:CG1
0	vdw	A:ASN:251:N	A:PHE:248:O
0	vdw	A:ASN:251:CB	A:PHE:248:O
0	vdw	A:ASN:251:C	A:THR:253:N
0	vdw	A:ASN:251:O	A:THR:253:N
0	vdw	A:ARG:247:CG	A:ASN:251:O
0	vdw	A:ARG:247:CD	A:ASN:251:O
0	vdw	A:ASN:251:CG	A:THR:253:N
0	vdw	A:ASN:251:OD1	A:THR:253:N
0	vdw	A:ASN:251:OD1	A:THR:253:OG1
0	vdw	A:ASN:251:OD1	A:THR:253:CB
0	vdw	A:LEU:254:N	A:LYS:252:C
0	vdw	A:LEU:254:N	A:LYS:252:O
0	vdw	A:GLU:33:OE2	A:LYS:60:NZ
0	vdw	A:ALA:8:O	A:THR:10:N
0	vdw	A:ILE:634:CA	A:THR:10:O
0	vdw	A:ILE:634:CA	A:LYS:638:O
0	vdw	A:ILE:634:C	A:LYS:638:O
0	vdw	A:GLU:635:N	A:LYS:638:O
0	vdw	A:ASN:633:O	A:THR:640:N
0	vdw	A:ASN:633:O	A:THR:640:OG1
0	vdw	A:LYS:638:O	A:THR:640:N
0	vdw	A:THR:640:CA	A:TYR:289:CD2
0	vdw	A:GLU:664:CD	A:TYR:289:CD2
0	vdw	A:GLU:664:CB	A:TYR:289:CE2
0	vdw	A:GLU:664:CG	A:TYR:289:CE2
0	vdw	A:GLU:664:CD	A:TYR:289:CE2
0	vdw	A:GLU:664:CB	A:TYR:289:OH
0	vdw	A:GLU:664:CB	A:TYR:289:CZ
0	vdw	A:GLU:664:CG	A:TYR:289:CZ
0	vdw	A:GLU:664:CA	A:TYR:289:OH
0	vdw	A:GLU:664:OE1	A:TYR:289:CD2
0	vdw	A:LEU:639:O	A:TYR:289:CD2
0	vdw	A:GLU:664:C	A:GLY:667:N
0	vdw	A:GLU:664:O	A:GLY:667:N
0	vdw	A:GLU:664:O	A:GLY:667:CA
0	vdw	A:ASN:665:O	A:LYS:286:CG
0	vdw	A:GLY:279:O	A:LYS:283:CG
0	vdw	A:ASN:321:OD1	A:THR:10:CA
0	vdw	A:ASN:321:CG	A:PHE:11:N
0	vdw	A:ASN:321:OD1	A:PHE:11:N
0	vdw	A:ARG:322:NE	A:THR:10:OG1
0	vdw	A:ARG:322:CZ	A:THR:10:OG1
0	vdw	A:ILE:634:CB	A:THR:10:CB
0	vdw	A:ARG:322:NH2	A:THR:10:OG1
0	vdw	A:ILE:634:N	A:THR:10:O
0	vdw	A:ASN:633:CA	A:THR:10:O
0	vdw	A:ASN:633:C	A:THR:10:O
0	vdw	A:ILE:634:CB	A:THR:10:O
0	vdw	A:ASN:633:N	A:THR:640:O
0	vdw	A:ASN:633:O	A:THR:640:O
0	vdw	A:ASN:633:O	A:LEU:639:CA
0	vdw	A:ASN:633:O	A:LEU:639:C
0	vdw	A:ALA:641:N	A:TYR:289:CE2
0	vdw	A:ALA:641:N	A:TYR:289:CZ
0	vdw	A:LEU:668:CD2	A:TYR:289:CE1
0	vdw	A:LEU:668:CG	A:TYR:289:CE1
0	vdw	A:LEU:282:O	A:LYS:286:CG
0	vdw	A:LYS:283:O	A:LYS:286:CB
0	vdw	A:LYS:283:O	A:LYS:286:CG
0	vdw	A:GLY:279:O	A:LYS:283:N
0	vdw	A:LEU:282:C	A:THR:285:OG1
0	vdw	A:LEU:282:O	A:THR:285:OG1
0	vdw	A:LEU:282:C	A:PHE:284:N
0	vdw	A:LEU:282:C	A:THR:285:N
0	vdw	A:LEU:282:O	A:PHE:284:N
0	vdw	A:LEU:282:O	A:THR:285:N
0	vdw	A:LYS:280:O	A:LYS:283:N
0	vdw	A:LEU:281:C	A:LYS:283:N
0	vdw	A:LEU:282:O	A:THR:285:CA
0	vdw	A:LEU:282:O	A:THR:285:CB
0	vdw	A:LEU:282:O	A:LYS:286:N
0	vdw	A:LEU:281:O	A:LYS:283:N
0	vdw	A:GLY:279:O	A:LEU:282:CB
0	vdw	A:ASP:277:OD1	A:GLY:279:C
0	vdw	A:GLY:279:C	A:LEU:281:N
0	vdw	A:GLY:279:O	A:LEU:281:N
0	vdw	A:GLY:279:O	A:LEU:282:N
0	vdw	A:LEU:282:CB	A:TRP:278:O
0	vdw	A:ASP:277:OD1	A:GLY:279:N
0	vdw	A:ASP:277:OD1	A:GLY:279:CA
0	vdw	A:ASP:277:OD1	A:LYS:280:N
0	vdw	A:LYS:280:N	A:TRP:278:C
0	vdw	A:LYS:280:N	A:TRP:278:O
0	vdw	A:ASP:277:C	A:GLY:279:N
0	vdw	A:ASP:277:O	A:GLY:279:N
0	vdw	A:ASP:277:O	A:LYS:280:N
0	vdw	A:LEU:281:N	A:TRP:278:C
0	vdw	A:ASN:321:O	A:SER:325:N
0	vdw	A:ARG:322:N	A:ASN:320:C
0	vdw	A:ARG:322:N	A:ASN:320:O
0	vdw	A:ARG:322:N	A:ASN:320:OD1
0	vdw	A:ASN:321:C	A:GLN:323:N
0	vdw	A:ASN:321:N	A:PHE:11:O
0	vdw	A:ASN:321:OD1	A:PHE:11:CA
0	vdw	A:ASN:321:OD1	A:PHE:11:O
0	vdw	A:ASN:321:N	A:PHE:328:CE2
0	vdw	A:ASN:321:OD1	A:THR:10:C
0	vdw	A:ASN:321:OD1	A:THR:10:CG2
0	vdw	A:PHE:11:CA	A:TYR:632:O
0	vdw	A:PHE:11:C	A:TYR:632:O
0	vdw	A:MET:12:N	A:TYR:632:O
0	vdw	A:ILE:319:O	A:MET:12:CA
0	vdw	A:ASN:320:CB	A:PHE:11:O
0	vdw	A:ASN:320:CA	A:PHE:11:O
0	vdw	A:LEU:631:C	A:MET:12:O
0	vdw	A:MET:12:O	A:TYR:632:N
0	vdw	A:LEU:631:CA	A:MET:12:O
0	vdw	A:LEU:639:CG	A:TYR:632:CB
0	vdw	A:LEU:639:CG	A:TYR:632:CG
0	vdw	A:LEU:639:CD1	A:TYR:632:CG
0	vdw	A:LEU:639:CD2	A:TYR:632:CG
0	vdw	A:LEU:639:CG	A:TYR:632:CD1
0	vdw	A:LEU:639:CD1	A:TYR:632:CD1
0	vdw	A:LEU:639:CD2	A:TYR:632:CD1
0	vdw	A:ARG:292:CD	A:LEU:668:CD1
0	vdw	A:ARG:292:NE	A:LEU:668:CD1
0	vdw	A:LEU:668:CD1	A:TYR:632:CE1
0	vdw	A:LEU:668:CD1	A:TYR:632:OH
0	vdw	A:LEU:668:CD1	A:TYR:632:CZ
0	vdw	A:LEU:282:CA	A:THR:285:OG1
0	vdw	A:LEU:282:CG	A:TRP:278:O
0	vdw	A:LEU:282:CG	A:TRP:278:CE2
0	vdw	A:LEU:282:CD2	A:TRP:278:CZ2
0	vdw	A:GLN:268:N	A:TRP:278:CD2
0	vdw	A:SER:267:C	A:TRP:278:CE3
0	vdw	A:GLN:268:N	A:TRP:278:CE3
0	vdw	A:SER:267:O	A:TRP:278:CE3
0	vdw	A:LEU:281:CB	A:TRP:278:O
0	vdw	A:LEU:281:N	A:TRP:278:O
0	vdw	A:LEU:281:CA	A:TRP:278:O
0	vdw	A:LEU:281:C	A:TRP:278:O
0	vdw	A:LEU:282:N	A:TRP:278:O
0	vdw	A:ALA:271:CB	A:SER:267:O
0	vdw	A:ALA:271:CB	A:VAL:276:O
0	vdw	A:ASP:272:N	A:THR:270:O
0	vdw	A:ASN:320:O	A:ASN:324:N
0	vdw	A:ASN:320:O	A:ASN:324:CA
0	vdw	A:ASN:320:O	A:ASN:324:C
0	vdw	A:ASN:321:CA	A:ASN:324:C
0	vdw	A:ARG:322:C	A:ASN:324:N
0	vdw	A:ASN:320:C	A:PHE:328:CE2
0	vdw	A:ILE:319:CG2	A:PHE:328:CE2
0	vdw	A:ASN:320:CA	A:PHE:328:CE2
0	vdw	A:ASN:320:C	A:PHE:11:O
0	vdw	A:ASN:320:O	A:GLN:323:N
0	vdw	A:ILE:319:O	A:MET:12:C
0	vdw	A:ILE:319:O	A:SER:13:N
0	vdw	A:ILE:319:O	A:PHE:328:CZ
0	vdw	A:ASN:320:CA	A:PHE:328:CZ
0	vdw	A:ARG:630:O	A:SER:13:CA
0	vdw	A:ARG:630:O	A:GLU:14:N
0	vdw	A:ARG:630:N	A:GLU:14:CD
0	vdw	A:ARG:630:N	A:GLU:14:OE2
0	vdw	A:ARG:630:CB	A:GLU:14:CD
0	vdw	A:ARG:630:CB	A:GLU:14:OE1
0	vdw	A:ARG:630:CB	A:TYR:632:OH
0	vdw	A:ARG:630:CB	A:TYR:632:CZ
0	vdw	A:ARG:630:CG	A:GLU:14:OE1
0	vdw	A:ILE:168:CD1	A:TRP:278:CH2
0	vdw	A:SER:267:CA	A:TRP:278:CZ3
0	vdw	A:SER:267:C	A:TRP:278:CZ3
0	vdw	A:SER:267:C	A:THR:270:N
0	vdw	A:ILE:266:CG2	A:TRP:278:CZ3
0	vdw	A:SER:267:N	A:THR:270:OG1
0	vdw	A:ILE:168:CD1	A:TRP:278:CZ3
0	vdw	A:SER:267:O	A:THR:270:N
0	vdw	A:ALA:271:N	A:SER:267:O
0	vdw	A:ALA:271:N	A:LYS:269:C
0	vdw	A:SER:267:OG	A:THR:270:N
0	vdw	A:ALA:271:CA	A:SER:267:O
0	vdw	A:ASP:272:N	A:THR:270:C
0	vdw	A:ASN:324:CB	A:LEU:327:CD1
0	vdw	A:ASN:324:CG	A:LEU:327:CD1
0	vdw	A:ASN:324:OD1	A:ILE:152:CG2
0	vdw	A:ASN:320:O	A:ASN:324:CB
0	vdw	A:ILE:150:CD1	A:LEU:327:CD1
0	vdw	A:ILE:15:CD1	A:LEU:648:CD2
0	vdw	A:ILE:319:CB	A:SER:13:OG
0	vdw	A:ILE:15:N	A:SER:13:OG
0	vdw	A:ILE:15:CB	A:SER:13:OG
0	vdw	A:LEU:648:CD2	A:SER:13:CB
0	vdw	A:ILE:319:O	A:SER:13:OG
0	vdw	A:ILE:15:CG1	A:PRO:629:CG
0	vdw	A:ILE:15:CD1	A:PRO:629:CG
0	vdw	A:ILE:628:C	A:TRP:146:CZ2
0	vdw	A:PRO:629:N	A:TRP:146:CZ2
0	vdw	A:PRO:629:CA	A:TRP:146:CZ2
0	vdw	A:PRO:629:CD	A:TRP:146:CZ2
0	vdw	A:ILE:628:C	A:TRP:146:CH2
0	vdw	A:SER:267:OG	A:THR:270:OG1
0	vdw	A:SER:265:O	A:THR:270:OG1
0	vdw	A:ILE:266:CA	A:THR:270:OG1
0	vdw	A:ARG:273:NH1	A:ILE:192:O
0	vdw	A:ARG:273:NH1	A:LEU:194:CA
0	vdw	A:ARG:273:NH1	A:LEU:194:CB
0	vdw	A:GLU:151:C	A:GLU:155:O
0	vdw	A:GLU:155:O	A:ILE:152:N
0	vdw	A:GLU:155:N	A:ILE:152:O
0	vdw	A:GLU:155:O	A:ILE:152:O
0	vdw	A:CYS:17:SG	A:ILE:150:CG2
0	vdw	A:GLU:148:CG	A:TRP:146:NE1
0	vdw	A:GLU:148:CD	A:TRP:146:NE1
0	vdw	A:GLU:148:CG	A:TRP:146:CD1
0	vdw	A:GLU:148:CD	A:TRP:146:CD1
0	vdw	A:GLN:627:O	A:TRP:146:CE2
0	vdw	A:GLU:148:OE1	A:TRP:146:NE1
0	vdw	A:GLN:627:O	A:TRP:146:NE1
0	vdw	A:GLN:627:O	A:TRP:146:CZ2
0	vdw	A:GLN:627:C	A:TRP:146:CE2
0	vdw	A:GLN:627:C	A:TRP:146:CZ2
0	vdw	A:ILE:628:N	A:TRP:146:CZ2
0	vdw	A:ALA:161:CB	A:TRP:146:CE2
0	vdw	A:ALA:161:CB	A:TRP:146:CZ2
0	vdw	A:GLU:148:OE1	A:TRP:146:CD1
0	vdw	A:GLN:627:C	A:TRP:146:CH2
0	vdw	A:GLN:195:CB	A:SER:265:CB
0	vdw	A:ILE:192:C	A:LEU:194:N
0	vdw	A:ILE:192:O	A:LEU:194:N
0	vdw	A:GLY:193:C	A:THR:206:CG2
0	vdw	A:GLY:193:O	A:THR:206:CG2
0	vdw	A:LEU:191:O	A:LEU:194:N
0	vdw	A:ARG:273:NH1	A:GLY:193:C
0	vdw	A:ARG:273:NH1	A:LEU:194:N
0	vdw	A:ILE:192:CA	A:ILE:207:O
0	vdw	A:ILE:192:C	A:ILE:207:O
0	vdw	A:GLY:193:N	A:ILE:207:O
0	vdw	A:GLY:193:CA	A:ILE:207:O
0	vdw	A:GLY:193:N	A:LEU:191:O
0	vdw	A:GLU:188:O	A:ILE:192:CB
0	vdw	A:GLN:153:C	A:GLU:155:N
0	vdw	A:GLN:153:O	A:GLU:155:N
0	vdw	A:GLU:151:CA	A:GLU:155:O
0	vdw	A:GLU:155:O	A:LYS:157:CG
0	vdw	A:GLU:155:O	A:LYS:157:N
0	vdw	A:ILE:150:C	A:LEU:156:CD1
0	vdw	A:ILE:150:O	A:LEU:156:CA
0	vdw	A:ILE:150:O	A:LEU:156:C
0	vdw	A:ILE:150:O	A:LYS:157:N
0	vdw	A:ILE:150:O	A:LYS:157:CA
0	vdw	A:ILE:150:O	A:LYS:157:CB
0	vdw	A:LYS:157:O	A:THR:149:CA
0	vdw	A:LYS:157:O	A:THR:149:CB
0	vdw	A:ILE:150:N	A:LYS:157:O
0	vdw	A:THR:204:C	A:VAL:196:O
0	vdw	A:PHE:248:CD1	A:THR:204:C
0	vdw	A:PHE:248:CE1	A:THR:204:C
0	vdw	A:ARG:247:O	A:GLY:205:CA
0	vdw	A:ARG:247:O	A:GLY:205:C
0	vdw	A:ARG:247:O	A:THR:206:N
0	vdw	A:GLY:205:O	A:VAL:196:N
0	vdw	A:GLY:205:O	A:VAL:196:CA
0	vdw	A:GLY:205:O	A:VAL:196:CG2
0	vdw	A:GLY:205:CA	A:VAL:246:CG1
0	vdw	A:GLY:205:C	A:VAL:246:CG1
0	vdw	A:THR:206:N	A:VAL:246:CG1
0	vdw	A:GLY:205:CA	A:VAL:196:O
0	vdw	A:GLY:205:O	A:VAL:196:O
0	vdw	A:GLN:195:CA	A:GLY:205:O
0	vdw	A:GLN:195:C	A:GLY:205:O
0	vdw	A:GLY:205:CA	A:PHE:248:CD1
0	vdw	A:THR:206:C	A:VAL:208:N
0	vdw	A:GLY:193:CA	A:THR:206:CG2
0	vdw	A:LEU:194:O	A:THR:206:CA
0	vdw	A:ILE:207:N	A:LEU:194:O
0	vdw	A:ILE:192:CG2	A:VAL:208:O
0	vdw	A:GLN:209:N	A:ILE:207:C
0	vdw	A:ILE:192:CD1	A:VAL:208:O
0	vdw	A:ILE:207:C	A:SER:245:O
0	vdw	A:SER:245:O	A:VAL:208:N
0	vdw	A:GLU:188:O	A:ILE:192:CG1
0	vdw	A:LEU:156:CD1	A:THR:149:CB
0	vdw	A:GLN:110:OE1	A:THR:149:CG2
0	vdw	A:GLN:110:CA	A:THR:149:CG2
0	vdw	A:GLN:110:NE2	A:GLN:114:NE2
0	vdw	A:PHE:248:CD1	A:THR:204:O
0	vdw	A:THR:206:O	A:VAL:208:CG2
0	vdw	A:ARG:247:N	A:THR:206:O
0	vdw	A:ARG:247:CB	A:VAL:208:CG2
0	vdw	A:ARG:247:CB	A:LEU:254:CD2
0	vdw	A:THR:206:O	A:VAL:246:CA
0	vdw	A:THR:206:O	A:VAL:246:C
0	vdw	A:THR:206:O	A:VAL:208:N
0	vdw	A:THR:206:O	A:VAL:246:CG1
0	vdw	A:GLN:209:N	A:SER:245:O
0	vdw	A:ILE:192:CD1	A:VAL:208:C
0	vdw	A:GLN:209:N	A:ILE:192:CD1
0	vdw	A:GLN:110:CG	A:TYR:58:OH
0	vdw	A:GLN:110:CG	A:TYR:58:CZ
0	vdw	A:GLN:114:NE2	A:TYR:58:CE2
0	vdw	A:LEU:254:CA	A:VAL:246:O
0	vdw	A:GLN:209:CD	A:LEU:254:CD1
0	vdw	A:GLN:209:NE2	A:LEU:254:CD1
0	vdw	A:GLN:209:NE2	A:SER:211:OG
0	vdw	A:ASP:35:OD1	A:ASP:37:N
0	vdw	A:ASP:35:O	A:ASP:37:N
0	vdw	A:THR:253:CG2	A:TYR:255:CE2
0	vdw	A:THR:253:CG2	A:TYR:255:CZ
0	vdw	A:ASN:59:C	A:THR:61:N
0	vdw	A:ASN:59:O	A:THR:61:N
0	vdw	A:GLN:36:CA	A:PHE:57:CE1
0	vdw	A:ASP:35:C	A:ASP:37:N
0	vdw	A:ASP:35:OD1	A:LEU:38:N
0	vdw	A:ASP:35:OD1	A:LEU:38:CA
0	vdw	A:ASP:35:OD1	A:LEU:38:CB
0	vdw	A:GLU:33:OE2	A:LYS:60:CD
0	vdw	A:GLU:33:OE2	A:LYS:60:CE
0	vdw	A:GLU:33:CA	A:LEU:30:O
0	vdw	A:GLU:635:O	A:LYS:638:CB
0	vdw	A:GLU:635:C	A:SER:637:N
0	vdw	A:GLU:635:O	A:SER:637:N
0	vdw	A:GLU:635:C	A:LYS:638:N
0	vdw	A:GLU:635:O	A:LYS:638:N
0	vdw	A:GLU:635:O	A:LYS:638:CA
0	vdw	A:GLU:635:O	A:LYS:638:O
0	vdw	A:LYS:638:N	A:SER:636:C
0	vdw	A:LYS:638:N	A:SER:636:O
0	vdw	A:LEU:639:O	A:TYR:289:CB
0	vdw	A:LEU:639:O	A:TYR:289:CG
0	vdw	A:LYS:280:O	A:LYS:283:CB
0	vdw	A:ASP:277:O	A:LYS:280:CB
0	vdw	A:ARG:322:NE	A:THR:10:CG2
0	vdw	A:ILE:634:CD1	A:THR:10:CG2
0	vdw	A:LEU:639:CD2	A:TYR:632:CE1
0	vdw	A:GLU:291:N	A:SER:288:O
0	vdw	A:ARG:292:N	A:SER:288:O
0	vdw	A:GLU:291:N	A:TYR:289:C
0	vdw	A:ARG:292:CB	A:SER:288:O
0	vdw	A:GLN:290:N	A:SER:288:C
0	vdw	A:GLN:290:N	A:SER:288:O
0	vdw	A:ILE:287:N	A:THR:285:O
0	vdw	A:LYS:283:O	A:LYS:286:N
0	vdw	A:LYS:286:N	A:PHE:284:C
0	vdw	A:ARG:141:NH2	A:LYS:286:O
0	vdw	A:LYS:286:N	A:PHE:284:O
0	vdw	A:LYS:283:C	A:THR:285:N
0	vdw	A:LYS:283:O	A:THR:285:N
0	vdw	A:LYS:280:O	A:PHE:284:N
0	vdw	A:LEU:281:C	A:PHE:284:N
0	vdw	A:LEU:281:O	A:PHE:284:N
0	vdw	A:LEU:281:O	A:PHE:284:CA
0	vdw	A:LEU:281:O	A:PHE:284:C
0	vdw	A:LEU:281:O	A:THR:285:N
0	vdw	A:ARG:141:NH2	A:PHE:284:C
0	vdw	A:LEU:282:N	A:LYS:280:C
0	vdw	A:LEU:282:N	A:LYS:280:O
0	vdw	A:ASP:277:O	A:LYS:280:CA
0	vdw	A:ASP:277:O	A:LEU:281:N
0	vdw	A:LYS:280:O	A:PHE:284:CD2
0	vdw	A:LYS:280:O	A:PHE:284:CE2
0	vdw	A:ASP:277:O	A:LEU:281:CG
0	vdw	A:ARG:322:CA	A:ASN:320:OD1
0	vdw	A:ARG:322:C	A:ASN:320:OD1
0	vdw	A:ARG:322:CB	A:ASN:320:OD1
0	vdw	A:ILE:319:O	A:MET:12:CG
0	vdw	A:ARG:292:CD	A:TYR:632:CE1
0	vdw	A:ARG:292:CD	A:TYR:632:OH
0	vdw	A:ARG:292:CD	A:TYR:632:CZ
0	vdw	A:GLU:14:CG	A:TYR:632:CE2
0	vdw	A:GLU:14:OE1	A:TYR:632:CE2
0	vdw	A:GLU:14:CD	A:TYR:632:OH
0	vdw	A:GLU:14:OE1	A:TYR:632:OH
0	vdw	A:GLU:14:OE1	A:TYR:632:CZ
0	vdw	A:ARG:292:CZ	A:ILE:164:O
0	vdw	A:ARG:292:NH2	A:ILE:287:CD1
0	vdw	A:ILE:287:CG1	A:SER:166:OG
0	vdw	A:ARG:292:NH2	A:ILE:164:O
0	vdw	A:ARG:141:NE	A:ILE:287:CG1
0	vdw	A:ILE:164:CG2	A:ILE:287:CD1
0	vdw	A:SER:166:OG	A:THR:285:C
0	vdw	A:SER:166:OG	A:THR:285:O
0	vdw	A:SER:166:CB	A:THR:285:O
0	vdw	A:ARG:141:CD	A:SER:166:OG
0	vdw	A:ARG:141:NE	A:SER:166:OG
0	vdw	A:ARG:141:NH1	A:SER:166:OG
0	vdw	A:ARG:141:CZ	A:SER:166:OG
0	vdw	A:LEU:281:O	A:THR:285:CG2
0	vdw	A:ARG:141:NH1	A:THR:285:CA
0	vdw	A:LEU:281:O	A:PHE:284:CB
0	vdw	A:LEU:281:CD1	A:VAL:276:CG2
0	vdw	A:ALA:271:C	A:VAL:276:O
0	vdw	A:ALA:271:O	A:VAL:276:N
0	vdw	A:ALA:271:O	A:VAL:276:O
0	vdw	A:ALA:271:O	A:VAL:276:CG2
0	vdw	A:ALA:271:C	A:ARG:273:N
0	vdw	A:ALA:271:C	A:PHE:274:N
0	vdw	A:ALA:271:O	A:ARG:273:N
0	vdw	A:ALA:271:O	A:PHE:274:N
0	vdw	A:ALA:271:O	A:PHE:274:C
0	vdw	A:ALA:271:O	A:GLY:275:N
0	vdw	A:PHE:274:C	A:VAL:276:N
0	vdw	A:PHE:274:O	A:VAL:276:N
0	vdw	A:ALA:271:O	A:PHE:274:CB
0	vdw	A:ALA:271:O	A:PHE:274:CA
0	vdw	A:ASP:272:C	A:PHE:274:N
0	vdw	A:ASP:272:O	A:PHE:274:N
0	vdw	A:ASP:272:C	A:GLY:275:N
0	vdw	A:ASP:272:O	A:GLY:275:N
0	vdw	A:ASP:272:O	A:GLY:275:CA
0	vdw	A:ASN:320:OD1	A:GLN:323:N
0	vdw	A:ALA:318:O	A:ASN:320:N
0	vdw	A:ALA:318:O	A:ASN:320:ND2
0	vdw	A:ALA:318:C	A:ASN:320:N
0	vdw	A:ALA:318:C	A:ILE:15:O
0	vdw	A:ILE:15:O	A:ILE:319:N
0	vdw	A:ILE:15:N	A:SER:13:C
0	vdw	A:ILE:15:N	A:SER:13:O
0	vdw	A:ALA:318:CB	A:SER:13:O
0	vdw	A:GLU:14:OE2	A:THR:163:OG1
0	vdw	A:GLU:14:CB	A:LEU:162:O
0	vdw	A:GLU:14:CG	A:LEU:162:O
0	vdw	A:GLU:14:CD	A:LEU:162:O
0	vdw	A:GLU:14:OE2	A:LEU:162:O
0	vdw	A:GLU:14:OE2	A:THR:163:CA
0	vdw	A:GLU:14:OE2	A:THR:163:CB
0	vdw	A:ARG:292:NH1	A:ILE:164:O
0	vdw	A:ILE:142:O	A:ILE:164:C
0	vdw	A:ASN:165:N	A:ILE:142:O
0	vdw	A:ASN:140:O	A:SER:166:CA
0	vdw	A:ASN:140:O	A:SER:166:C
0	vdw	A:SER:166:CB	A:THR:285:CA
0	vdw	A:SER:166:CB	A:THR:285:CB
0	vdw	A:ARG:141:NH1	A:SER:166:CB
0	vdw	A:ILE:168:CG2	A:VAL:137:CG1
0	vdw	A:PHE:274:CD2	A:THR:270:O
0	vdw	A:ARG:273:N	A:THR:270:O
0	vdw	A:ARG:273:CA	A:THR:270:O
0	vdw	A:ARG:273:CB	A:THR:270:O
0	vdw	A:ARG:273:C	A:GLY:275:N
0	vdw	A:CYS:17:SG	A:ILE:319:CD1
0	vdw	A:ILE:15:O	A:ILE:319:CG1
0	vdw	A:ALA:318:CA	A:ILE:15:O
0	vdw	A:ALA:318:CB	A:ILE:15:O
0	vdw	A:ILE:15:C	A:PHE:160:O
0	vdw	A:ALA:161:CA	A:GLU:14:O
0	vdw	A:GLU:14:O	A:LEU:162:N
0	vdw	A:ILE:15:CA	A:PHE:160:O
0	vdw	A:LEU:162:O	A:LEU:296:CD2
0	vdw	A:THR:163:CG2	A:TRP:146:CZ3
0	vdw	A:GLU:144:CB	A:THR:163:CG2
0	vdw	A:ASN:165:ND2	A:GLU:144:CG
0	vdw	A:ASN:165:ND2	A:GLU:144:CD
0	vdw	A:ASN:165:ND2	A:GLU:144:OE1
0	vdw	A:ASN:165:ND2	A:GLU:144:OE2
0	vdw	A:LYS:167:CG	A:PHE:169:CE2
0	vdw	A:LYS:167:CG	A:PHE:169:CZ
0	vdw	A:ILE:142:CD1	A:LYS:167:CG
0	vdw	A:GLN:195:O	A:SER:265:CA
0	vdw	A:LEU:194:CD1	A:PHE:274:CE2
0	vdw	A:GLN:195:O	A:SER:265:O
0	vdw	A:PHE:274:CE2	A:THR:270:O
0	vdw	A:LEU:194:CD1	A:PHE:274:CZ
0	vdw	A:LEU:190:C	A:PRO:187:O
0	vdw	A:LEU:190:N	A:PRO:187:O
0	vdw	A:GLU:188:C	A:LEU:190:N
0	vdw	A:GLU:188:O	A:LEU:190:N
0	vdw	A:ASP:189:CB	A:LYS:186:O
0	vdw	A:LEU:190:N	A:LYS:186:O
0	vdw	A:CYS:17:SG	A:ILE:152:CD1
0	vdw	A:ALA:159:CB	A:ILE:15:CG2
0	vdw	A:ALA:159:CB	A:SER:16:C
0	vdw	A:ALA:159:CB	A:SER:16:O
0	vdw	A:ALA:159:CB	A:CYS:17:CA
0	vdw	A:ALA:161:N	A:TRP:146:O
0	vdw	A:GLN:195:C	A:SER:265:CB
0	vdw	A:GLN:195:O	A:SER:265:CB
0	vdw	A:GLN:195:C	A:SER:265:N
0	vdw	A:GLN:195:O	A:SER:265:N
0	vdw	A:GLN:195:O	A:PRO:264:C
0	vdw	A:CYS:263:O	A:SER:265:N
0	vdw	A:LEU:191:O	A:LEU:194:CA
0	vdw	A:LEU:191:O	A:LEU:194:CB
0	vdw	A:ILE:207:CG1	A:LEU:194:O
0	vdw	A:LEU:174:CD1	A:LEU:194:CD2
0	vdw	A:LEU:191:N	A:PRO:187:O
0	vdw	A:LEU:191:CA	A:PRO:187:O
0	vdw	A:GLU:188:O	A:ILE:192:N
0	vdw	A:ILE:207:CG2	A:LEU:191:O
0	vdw	A:ASP:189:C	A:LEU:191:N
0	vdw	A:ASP:189:N	A:PRO:187:O
0	vdw	A:ASP:189:N	A:PRO:187:C
0	vdw	A:LEU:191:CB	A:PRO:187:O
0	vdw	A:LEU:191:CG	A:PRO:187:O
0	vdw	A:GLU:188:N	A:LYS:186:C
0	vdw	A:GLU:188:N	A:LYS:186:O
0	vdw	A:ASP:189:N	A:LYS:186:O
0	vdw	A:GLU:155:OE2	A:LYS:157:CE
0	vdw	A:GLU:155:OE2	A:LYS:157:NZ
0	vdw	A:LYS:157:C	A:PRO:109:CB
0	vdw	A:PRO:109:CB	A:PRO:158:N
0	vdw	A:ALA:159:N	A:GLU:148:O
0	vdw	A:ALA:159:CA	A:GLU:148:O
0	vdw	A:ALA:159:C	A:GLU:148:O
0	vdw	A:ALA:159:O	A:GLU:148:O
0	vdw	A:GLU:148:O	A:SER:113:OG
0	vdw	A:PRO:109:O	A:PRO:158:CA
0	vdw	A:PRO:158:CA	A:SER:113:OG
0	vdw	A:PRO:158:C	A:SER:113:OG
0	vdw	A:ALA:159:N	A:SER:113:OG
0	vdw	A:PRO:158:C	A:VAL:18:CG2
0	vdw	A:GLU:148:O	A:SER:113:CB
0	vdw	A:ALA:159:CA	A:SER:16:O
0	vdw	A:ALA:159:C	A:GLU:148:N
0	vdw	A:ALA:159:O	A:GLU:148:N
0	vdw	A:ALA:159:O	A:GLU:148:CA
0	vdw	A:ALA:159:O	A:GLU:148:C
0	vdw	A:ALA:159:O	A:SER:113:CB
0	vdw	A:ALA:159:C	A:SER:16:O
0	vdw	A:CYS:117:SG	A:TRP:146:CA
0	vdw	A:CYS:117:SG	A:TRP:146:C
0	vdw	A:CYS:117:SG	A:TRP:146:O
0	vdw	A:ALA:147:N	A:CYS:117:SG
0	vdw	A:ALA:147:CA	A:CYS:117:SG
0	vdw	A:ALA:161:O	A:TRP:146:N
0	vdw	A:PHE:160:CA	A:TRP:146:O
0	vdw	A:PHE:160:CB	A:TRP:146:O
0	vdw	A:GLN:197:CG	A:GLY:202:O
0	vdw	A:GLN:197:CD	A:GLY:202:O
0	vdw	A:GLN:197:NE2	A:GLY:202:O
0	vdw	A:THR:204:CA	A:VAL:196:O
0	vdw	A:GLY:205:N	A:VAL:196:O
0	vdw	A:GLY:205:N	A:PHE:248:CD1
0	vdw	A:VAL:196:CG2	A:VAL:246:CG1
0	vdw	A:CYS:263:O	A:VAL:196:CA
0	vdw	A:CYS:263:O	A:VAL:196:C
0	vdw	A:CYS:263:O	A:VAL:196:CB
0	vdw	A:ILE:207:CD1	A:LEU:174:CD2
0	vdw	A:ILE:207:CA	A:SER:245:O
0	vdw	A:ILE:207:CB	A:LEU:191:O
0	vdw	A:ILE:207:CD1	A:LEU:191:O
0	vdw	A:ILE:207:CD1	A:VAL:196:CG1
0	vdw	A:ILE:192:CD1	A:ILE:207:CG2
0	vdw	A:GLN:209:CA	A:ILE:192:CD1
0	vdw	A:GLN:209:C	A:ILE:192:CD1
0	vdw	A:GLU:188:CG	A:LEU:210:CD1
0	vdw	A:GLU:155:CD	A:LYS:157:CE
0	vdw	A:LEU:156:O	A:PRO:109:CG
0	vdw	A:PRO:109:CB	A:PRO:158:CD
0	vdw	A:PRO:109:O	A:SER:113:OG
0	vdw	A:PRO:109:O	A:SER:113:CB
0	vdw	A:PRO:109:C	A:VAL:111:N
0	vdw	A:PRO:109:O	A:VAL:111:N
0	vdw	A:LEU:112:CB	A:PRO:109:O
0	vdw	A:PRO:109:O	A:SER:113:N
0	vdw	A:PRO:109:O	A:PRO:158:CB
0	vdw	A:PRO:158:CB	A:SER:113:OG
0	vdw	A:LEU:112:N	A:PRO:109:O
0	vdw	A:ALA:159:O	A:SER:113:OG
0	vdw	A:ALA:147:CB	A:SER:113:CB
0	vdw	A:GLN:110:O	A:SER:113:CB
0	vdw	A:ALA:147:CB	A:SER:113:C
0	vdw	A:ALA:147:CB	A:SER:113:O
0	vdw	A:ALA:147:CB	A:CYS:117:SG
0	vdw	A:PHE:248:CD1	A:SER:203:CB
0	vdw	A:PHE:248:CE1	A:SER:203:CB
0	vdw	A:ARG:201:C	A:SER:203:N
0	vdw	A:ARG:201:O	A:SER:203:N
0	vdw	A:PHE:248:CD1	A:SER:203:C
0	vdw	A:PHE:248:CE1	A:SER:203:C
0	vdw	A:PHE:248:CE1	A:SER:203:O
0	vdw	A:PHE:248:CD1	A:SER:203:OG
0	vdw	A:PHE:248:CE1	A:SER:203:OG
0	vdw	A:ASP:198:N	A:SER:203:O
0	vdw	A:ASP:198:CB	A:SER:203:O
0	vdw	A:ASP:198:CB	A:SER:203:OG
0	vdw	A:GLN:197:CA	A:SER:203:O
0	vdw	A:GLN:197:C	A:SER:203:O
0	vdw	A:GLN:197:CG	A:SER:203:O
0	vdw	A:PHE:248:CZ	A:VAL:246:CG1
0	vdw	A:PHE:248:CE2	A:VAL:246:CG1
0	vdw	A:SER:245:C	A:TYR:255:O
0	vdw	A:TYR:255:O	A:VAL:246:N
0	vdw	A:LEU:262:CD1	A:VAL:246:CG2
0	vdw	A:GLN:209:O	A:SER:245:N
0	vdw	A:GLN:209:O	A:SER:245:CA
0	vdw	A:GLN:209:O	A:SER:245:CB
0	vdw	A:GLN:209:O	A:VAL:244:CA
0	vdw	A:GLN:209:O	A:VAL:244:C
0	vdw	A:LEU:210:CA	A:LEU:243:O
0	vdw	A:LEU:210:C	A:LEU:243:O
0	vdw	A:GLY:212:N	A:LEU:210:C
0	vdw	A:GLN:110:N	A:THR:108:C
0	vdw	A:THR:108:C	A:VAL:111:N
0	vdw	A:GLN:110:N	A:THR:108:O
0	vdw	A:THR:108:O	A:VAL:111:N
0	vdw	A:THR:108:OG1	A:VAL:111:N
0	vdw	A:THR:108:OG1	A:VAL:111:CG2
0	vdw	A:THR:108:O	A:VAL:111:CA
0	vdw	A:THR:108:O	A:VAL:111:CB
0	vdw	A:LEU:112:N	A:THR:108:O
0	vdw	A:LEU:112:CG	A:THR:108:O
0	vdw	A:GLN:110:C	A:LEU:112:N
0	vdw	A:GLN:110:O	A:GLN:114:CG
0	vdw	A:GLN:110:O	A:GLN:114:CB
0	vdw	A:GLN:110:O	A:LEU:112:N
0	vdw	A:GLN:110:O	A:SER:113:CA
0	vdw	A:GLN:110:O	A:GLN:114:N
0	vdw	A:GLN:110:O	A:SER:113:N
0	vdw	A:GLN:114:CD	A:TYR:58:CB
0	vdw	A:GLN:114:CD	A:TYR:58:CD2
0	vdw	A:GLN:114:NE2	A:TYR:58:CD2
0	vdw	A:GLN:114:OE1	A:TYR:58:CB
0	vdw	A:GLN:114:OE1	A:TYR:58:CD2
0	vdw	A:PHE:248:CD2	A:TYR:255:CD2
0	vdw	A:PHE:248:CE2	A:TYR:257:CE2
0	vdw	A:PHE:248:CE2	A:TYR:257:OH
0	vdw	A:TYR:255:N	A:VAL:246:O
0	vdw	A:TYR:255:C	A:TYR:257:CD2
0	vdw	A:TYR:255:O	A:TYR:257:CD2
0	vdw	A:SER:245:CA	A:TYR:255:O
0	vdw	A:TYR:255:C	A:TYR:257:CE2
0	vdw	A:TYR:255:CB	A:TYR:257:CE2
0	vdw	A:TYR:255:O	A:TYR:257:CE2
0	vdw	A:SER:211:OG	A:SER:245:CB
0	vdw	A:SER:211:OG	A:SER:245:OG
0	vdw	A:SER:245:OG	A:THR:256:OG1
0	vdw	A:SER:211:CB	A:SER:245:OG
0	vdw	A:GLN:209:CG	A:SER:245:CB
0	vdw	A:GLN:209:CG	A:SER:245:OG
0	vdw	A:SER:106:O	A:THR:108:N
0	vdw	A:TYR:58:CD1	A:VAL:111:CG2
0	vdw	A:TRP:63:CE2	A:VAL:111:CG2
0	vdw	A:TRP:63:NE1	A:VAL:111:CG2
0	vdw	A:GLN:114:CD	A:TYR:58:CG
0	vdw	A:GLN:114:NE2	A:TYR:58:CG
0	vdw	A:GLN:114:OE1	A:TYR:58:CG
0	vdw	A:GLN:36:NE2	A:PHE:57:O
0	vdw	A:LYS:60:N	A:TYR:58:C
0	vdw	A:PHE:57:C	A:THR:61:O
0	vdw	A:THR:61:O	A:TYR:58:N
0	vdw	A:ASN:40:CG	A:GLN:36:NE2
0	vdw	A:ASN:40:OD1	A:GLN:36:NE2
0	vdw	A:ASN:40:ND2	A:GLN:36:NE2
0	vdw	A:ASN:40:CG	A:GLN:36:O
0	vdw	A:ASN:40:OD1	A:GLN:36:O
0	vdw	A:ASN:40:ND2	A:GLN:36:O
0	vdw	A:GLN:36:C	A:LEU:38:N
0	vdw	A:GLN:36:O	A:GLY:39:N
0	vdw	A:ASP:37:O	A:GLY:39:N
0	vdw	A:ASN:40:N	A:GLN:36:O
0	vdw	A:ASN:40:CA	A:GLN:36:O
0	vdw	A:ASN:40:CB	A:GLN:36:O
0	vdw	A:ASN:40:N	A:ASP:37:O
0	vdw	A:ASN:40:CB	A:ASP:37:O
0	vdw	A:ARG:41:N	A:ASP:37:O
0	vdw	A:ARG:41:CG	A:ASP:37:O
0	vdw	A:GLN:36:O	A:GLY:39:CA
0	vdw	A:GLN:36:O	A:GLY:39:C
0	vdw	A:THR:61:CB	A:TYR:58:O
0	vdw	A:LYS:60:N	A:TYR:58:O
0	vdw	A:THR:61:N	A:TYR:58:O
0	vdw	A:ARG:29:NE	A:THR:61:OG1
0	vdw	A:THR:61:O	A:TYR:58:O
0	vdw	A:TRP:63:NE1	A:TYR:58:O
0	vdw	A:THR:61:CB	A:TRP:63:NE1
0	vdw	A:LYS:60:CA	A:PHE:57:CE2
0	vdw	A:PHE:57:CE2	A:THR:61:N
0	vdw	A:LYS:60:N	A:PHE:57:CZ
0	vdw	A:LYS:60:CA	A:PHE:57:CZ
0	vdw	A:LYS:60:C	A:PHE:57:CE2
0	vdw	A:PHE:57:CE2	A:PHE:62:CE2
0	vdw	A:ASP:35:O	A:PHE:57:CE1
0	vdw	A:ILE:34:CG1	A:PHE:57:CZ
0	vdw	A:GLY:39:CA	A:PHE:57:CG
0	vdw	A:GLY:39:C	A:PHE:57:CG
0	vdw	A:GLY:39:CA	A:PHE:57:CD1
0	vdw	A:ASP:35:O	A:LEU:38:N
0	vdw	A:ASP:35:O	A:GLY:39:N
0	vdw	A:ASP:37:C	A:GLY:39:N
0	vdw	A:ASN:40:N	A:LEU:38:C
0	vdw	A:ARG:29:CG	A:LYS:60:O
0	vdw	A:LYS:60:C	A:PHE:57:CZ
0	vdw	A:ILE:34:CB	A:LEU:38:CD2
0	vdw	A:ILE:34:CD1	A:PHE:62:CE2
0	vdw	A:ILE:34:CD1	A:PHE:62:CZ
0	vdw	A:GLY:39:CA	A:ILE:34:CD1
0	vdw	A:ILE:34:CG2	A:LEU:38:CD2
0	vdw	A:ILE:34:CG2	A:TRP:97:NE1
0	vdw	A:LEU:38:CD2	A:TRP:97:CZ2
0	vdw	A:LEU:30:O	A:PRO:32:C
0	vdw	A:LEU:30:O	A:PRO:32:O
0	vdw	A:ILE:34:CG2	A:PRO:32:O
0	vdw	A:LEU:30:C	A:PRO:32:O
0	vdw	A:TRP:97:CZ2	A:TYR:95:CD1
0	vdw	A:ASP:91:O	A:TYR:95:CE2
0	vdw	A:GLN:100:CD	A:THR:31:OG1
0	vdw	A:GLN:100:NE2	A:THR:31:OG1
0	vdw	A:PRO:32:CD	A:TYR:96:O
0	vdw	A:PRO:32:CD	A:TRP:97:CD1
0	vdw	A:LYS:293:NZ	A:SER:637:O
0	vdw	A:GLU:291:CB	A:SER:288:OG
0	vdw	A:LYS:293:N	A:TYR:289:O
0	vdw	A:LYS:293:CB	A:TYR:289:O
0	vdw	A:GLU:291:N	A:TYR:289:O
0	vdw	A:ARG:292:N	A:TYR:289:O
0	vdw	A:GLN:290:O	A:LYS:293:N
0	vdw	A:GLU:291:C	A:LYS:293:N
0	vdw	A:GLU:291:O	A:LYS:293:N
0	vdw	A:GLN:290:O	A:LYS:293:CB
0	vdw	A:ARG:292:CA	A:TYR:289:O
0	vdw	A:ARG:292:CB	A:TYR:289:O
0	vdw	A:ARG:292:N	A:GLN:290:C
0	vdw	A:ARG:292:N	A:GLN:290:O
0	vdw	A:ASN:294:CB	A:GLN:290:O
0	vdw	A:ASN:294:ND2	A:GLN:290:O
0	vdw	A:GLU:291:O	A:SER:295:N
0	vdw	A:GLU:291:O	A:SER:295:CB
0	vdw	A:GLU:291:N	A:SER:288:OG
0	vdw	A:ASN:294:N	A:GLN:290:O
0	vdw	A:ASN:294:CG	A:GLN:290:O
0	vdw	A:ASN:294:N	A:GLU:291:O
0	vdw	A:ARG:141:NH2	A:VAL:131:CG1
0	vdw	A:ARG:141:NH2	A:PHE:284:O
0	vdw	A:ARG:141:NH2	A:VAL:131:CG2
0	vdw	A:PHE:284:CG	A:THR:132:CG2
0	vdw	A:PHE:284:CD2	A:THR:132:CG2
0	vdw	A:THR:132:CG2	A:VAL:139:CG2
0	vdw	A:GLN:135:OE1	A:GLY:275:C
0	vdw	A:GLN:135:OE1	A:GLY:275:O
0	vdw	A:GLN:135:CD	A:GLY:275:O
0	vdw	A:GLN:135:NE2	A:GLY:275:O
0	vdw	A:ARG:292:O	A:LEU:296:CB
0	vdw	A:ARG:292:O	A:LEU:296:CG
0	vdw	A:ARG:292:O	A:LEU:296:N
0	vdw	A:ARG:292:O	A:SER:295:N
0	vdw	A:ARG:292:O	A:SER:295:CA
0	vdw	A:ARG:292:O	A:SER:295:CB
0	vdw	A:ARG:292:O	A:ASN:294:N
0	vdw	A:ARG:292:C	A:ASN:294:N
0	vdw	A:ARG:141:NH1	A:VAL:139:CG1
0	vdw	A:ARG:141:CD	A:VAL:131:CG2
0	vdw	A:ARG:141:NE	A:VAL:131:CG2
0	vdw	A:ARG:141:NH1	A:VAL:131:CG2
0	vdw	A:ARG:141:CZ	A:VAL:131:CG2
0	vdw	A:ARG:141:NH1	A:PHE:284:O
0	vdw	A:ARG:141:CZ	A:PHE:284:O
0	vdw	A:ARG:141:NE	A:GLU:291:OE1
0	vdw	A:LYS:167:O	A:VAL:139:CA
0	vdw	A:LYS:167:O	A:VAL:139:C
0	vdw	A:THR:132:CG2	A:VAL:139:CB
0	vdw	A:THR:132:O	A:VAL:139:N
0	vdw	A:ASN:134:O	A:VAL:137:CB
0	vdw	A:PHE:274:O	A:VAL:276:CG1
0	vdw	A:ASN:134:O	A:VAL:276:CG1
0	vdw	A:GLN:135:OE1	A:PHE:274:C
0	vdw	A:GLN:135:OE1	A:PHE:274:O
0	vdw	A:GLN:135:OE1	A:GLY:275:CA
0	vdw	A:GLN:135:CD	A:PHE:274:O
0	vdw	A:GLN:323:OE1	A:LYS:317:CB
0	vdw	A:GLN:323:NE2	A:LYS:317:CD
0	vdw	A:LYS:300:NZ	A:LYS:317:CA
0	vdw	A:LYS:300:NZ	A:LYS:317:C
0	vdw	A:ALA:318:N	A:LYS:300:NZ
0	vdw	A:LEU:162:CD2	A:LEU:296:CD2
0	vdw	A:LEU:296:CB	A:LYS:293:O
0	vdw	A:ASN:299:ND2	A:ILE:164:CD1
0	vdw	A:ILE:164:CD1	A:VAL:143:CG2
0	vdw	A:ILE:164:CG1	A:SER:295:OG
0	vdw	A:ILE:164:CD1	A:SER:295:OG
0	vdw	A:ILE:142:O	A:ILE:164:CA
0	vdw	A:ASN:165:O	A:ILE:142:N
0	vdw	A:ASN:140:O	A:LYS:167:N
0	vdw	A:ASN:140:O	A:LYS:167:O
0	vdw	A:ASN:165:O	A:ILE:142:CA
0	vdw	A:ARG:141:CA	A:ASN:165:O
0	vdw	A:ARG:141:C	A:ASN:165:O
0	vdw	A:ASN:129:O	A:ASN:140:C
0	vdw	A:ASN:140:N	A:LYS:167:O
0	vdw	A:LYS:167:CA	A:PHE:169:CE2
0	vdw	A:LYS:167:C	A:PHE:169:CE2
0	vdw	A:LYS:167:O	A:PHE:169:CE2
0	vdw	A:LYS:167:C	A:PHE:169:CD2
0	vdw	A:LYS:167:O	A:PHE:169:CD2
0	vdw	A:GLU:138:O	A:ILE:168:CA
0	vdw	A:GLU:138:O	A:ILE:168:C
0	vdw	A:GLU:138:O	A:PHE:169:N
0	vdw	A:GLU:138:O	A:PHE:169:O
0	vdw	A:PHE:169:O	A:VAL:137:CG1
0	vdw	A:PHE:169:O	A:VAL:137:CA
0	vdw	A:GLU:138:N	A:PHE:169:O
0	vdw	A:GLU:138:CA	A:PHE:169:O
0	vdw	A:PHE:169:O	A:VAL:137:C
0	vdw	A:PHE:177:CE2	A:PHE:274:CD1
0	vdw	A:PHE:274:CD1	A:TYR:170:CD2
0	vdw	A:PHE:177:CD2	A:PHE:274:CD1
0	vdw	A:HIS:181:CD2	A:PHE:177:CE2
0	vdw	A:ARG:273:O	A:HIS:181:CD2
0	vdw	A:ARG:273:O	A:HIS:181:NE2
0	vdw	A:HIS:181:ND1	A:PHE:183:N
0	vdw	A:HIS:181:ND1	A:PHE:183:CB
0	vdw	A:HIS:181:CE1	A:PHE:183:CB
0	vdw	A:HIS:181:CE1	A:PHE:183:CD2
0	vdw	A:HIS:181:CG	A:LEU:190:CD1
0	vdw	A:HIS:181:CG	A:LEU:190:CD2
0	vdw	A:HIS:181:CD2	A:LEU:190:CD1
0	vdw	A:HIS:181:ND1	A:LEU:190:CD1
0	vdw	A:HIS:181:CE1	A:LEU:190:CD1
0	vdw	A:HIS:181:NE2	A:LEU:190:CD1
0	vdw	A:ASN:185:OD1	A:PHE:183:CA
0	vdw	A:ASN:185:OD1	A:PHE:183:C
0	vdw	A:HIS:181:C	A:PHE:183:N
0	vdw	A:HIS:181:O	A:PHE:183:N
0	vdw	A:ASN:185:N	A:PHE:183:C
0	vdw	A:ALA:315:CB	A:LYS:317:O
0	vdw	A:LYS:300:CE	A:SER:16:OG
0	vdw	A:PHE:160:O	A:SER:16:N
0	vdw	A:GLU:144:O	A:LEU:162:CA
0	vdw	A:GLU:144:O	A:LEU:162:C
0	vdw	A:LEU:162:CG	A:VAL:143:CG1
0	vdw	A:LEU:162:CD2	A:VAL:143:CG1
0	vdw	A:GLU:144:O	A:THR:163:N
0	vdw	A:GLU:144:O	A:THR:163:O
0	vdw	A:THR:163:O	A:VAL:143:CA
0	vdw	A:THR:163:O	A:VAL:143:C
0	vdw	A:GLU:144:N	A:THR:163:O
0	vdw	A:GLU:144:CA	A:THR:163:O
0	vdw	A:ASN:165:O	A:ILE:142:O
0	vdw	A:ILE:142:CD1	A:LYS:167:CB
0	vdw	A:ILE:142:CD1	A:LYS:167:CD
0	vdw	A:ILE:142:CD1	A:PHE:169:CE2
0	vdw	A:ILE:142:CD1	A:PHE:169:CZ
0	vdw	A:ILE:142:CG1	A:LEU:128:CD2
0	vdw	A:LYS:167:CB	A:PHE:169:CE2
0	vdw	A:LYS:167:CB	A:PHE:169:CZ
0	vdw	A:LYS:167:CD	A:PHE:169:CE2
0	vdw	A:LYS:167:CD	A:PHE:169:CZ
0	vdw	A:LYS:167:CB	A:PHE:169:CD2
0	vdw	A:ASN:140:ND2	A:PHE:169:CD2
0	vdw	A:ILE:266:CD1	A:PHE:169:C
0	vdw	A:ILE:266:CD1	A:TYR:170:N
0	vdw	A:PRO:264:O	A:TYR:170:CB
0	vdw	A:ILE:266:CD1	A:TYR:170:CA
0	vdw	A:ILE:266:CD1	A:TYR:170:CB
0	vdw	A:GLU:138:N	A:PHE:169:C
0	vdw	A:PHE:274:CE1	A:PRO:264:CB
0	vdw	A:PHE:274:CZ	A:PRO:264:CB
0	vdw	A:PRO:264:CG	A:TYR:170:CG
0	vdw	A:PRO:264:CG	A:TYR:170:CD1
0	vdw	A:PRO:264:CG	A:TYR:170:CE1
0	vdw	A:PHE:177:CD2	A:PHE:274:CE1
0	vdw	A:PHE:177:CE2	A:PHE:274:CE1
0	vdw	A:PRO:264:CG	A:TYR:170:CB
0	vdw	A:PHE:274:CE1	A:TYR:170:CD2
0	vdw	A:HIS:181:CD2	A:PHE:177:CZ
0	vdw	A:HIS:181:CB	A:LEU:190:CD2
0	vdw	A:LEU:190:CD2	A:PHE:178:CD2
0	vdw	A:LYS:186:N	A:PHE:183:O
0	vdw	A:LYS:186:CA	A:PHE:183:O
0	vdw	A:LYS:186:C	A:PHE:183:O
0	vdw	A:LYS:186:O	A:PHE:183:O
0	vdw	A:ASN:185:N	A:PHE:183:O
0	vdw	A:ASN:185:C	A:PRO:187:CD
0	vdw	A:ARG:184:C	A:LYS:186:N
0	vdw	A:ARG:184:O	A:LYS:186:N
0	vdw	A:PHE:160:N	A:SER:16:O
0	vdw	A:PHE:160:O	A:SER:16:O
0	vdw	A:PHE:160:CD1	A:SER:16:O
0	vdw	A:CYS:17:CA	A:PRO:158:O
0	vdw	A:CYS:17:C	A:PRO:158:O
0	vdw	A:PRO:158:O	A:VAL:18:N
0	vdw	A:CYS:17:O	A:VAL:314:CA
0	vdw	A:ALA:315:N	A:CYS:17:O
0	vdw	A:ALA:315:CB	A:CYS:17:O
0	vdw	A:PHE:160:CD1	A:VAL:18:CG1
0	vdw	A:ALA:161:O	A:PHE:145:CA
0	vdw	A:ALA:161:O	A:PHE:145:C
0	vdw	A:ALA:161:O	A:PHE:145:CB
0	vdw	A:PHE:126:CE2	A:PHE:145:CD1
0	vdw	A:LEU:191:CD1	A:PHE:178:CD2
0	vdw	A:LEU:191:CD1	A:MET:259:CE
0	vdw	A:LEU:210:CD1	A:PRO:187:CB
0	vdw	A:PHE:178:CE2	A:PRO:187:CA
0	vdw	A:PHE:178:CE2	A:PRO:187:CB
0	vdw	A:ASN:185:O	A:PRO:187:CD
0	vdw	A:ARG:184:O	A:PRO:187:CD
0	vdw	A:PRO:158:O	A:VAL:18:O
0	vdw	A:PRO:158:CG	A:VAL:18:O
0	vdw	A:PRO:158:O	A:VAL:18:CG2
0	vdw	A:PRO:158:CB	A:VAL:18:CG2
0	vdw	A:GLN:197:CG	A:GLY:202:C
0	vdw	A:GLN:197:NE2	A:GLY:202:C
0	vdw	A:GLN:197:O	A:LEU:262:CA
0	vdw	A:GLN:197:O	A:LEU:262:C
0	vdw	A:CYS:263:N	A:GLN:197:O
0	vdw	A:GLN:197:O	A:ILE:199:N
0	vdw	A:CYS:263:O	A:GLN:197:N
0	vdw	A:LEU:262:CB	A:MET:259:O
0	vdw	A:LEU:112:CB	A:PRO:158:CB
0	vdw	A:GLN:114:N	A:LEU:112:C
0	vdw	A:SER:113:N	A:VAL:111:C
0	vdw	A:SER:113:N	A:VAL:111:O
0	vdw	A:GLN:114:N	A:LEU:112:O
0	vdw	A:CYS:117:CB	A:SER:113:O
0	vdw	A:LEU:112:O	A:LEU:115:N
0	vdw	A:LEU:115:N	A:SER:113:C
0	vdw	A:LEU:115:N	A:SER:113:O
0	vdw	A:GLN:114:N	A:VAL:111:O
0	vdw	A:GLN:114:CA	A:VAL:111:O
0	vdw	A:ALA:116:N	A:LEU:112:O
0	vdw	A:ALA:116:N	A:SER:113:O
0	vdw	A:ALA:116:CA	A:SER:113:O
0	vdw	A:ALA:116:N	A:GLN:114:C
0	vdw	A:CYS:117:N	A:SER:113:O
0	vdw	A:LEU:112:O	A:LEU:115:CB
0	vdw	A:CYS:117:SG	A:SER:113:O
0	vdw	A:LEU:112:O	A:PHE:312:CZ
0	vdw	A:ALA:116:CB	A:LEU:112:O
0	vdw	A:ALA:116:CB	A:SER:113:O
0	vdw	A:CYS:117:CB	A:GLN:114:O
0	vdw	A:CYS:117:N	A:GLN:114:O
0	vdw	A:CYS:117:CA	A:GLN:114:O
0	vdw	A:CYS:117:C	A:GLN:114:O
0	vdw	A:ALA:118:N	A:GLN:114:O
0	vdw	A:ALA:118:CA	A:GLN:114:O
0	vdw	A:ALA:118:CB	A:GLN:114:O
0	vdw	A:ALA:116:N	A:GLN:114:O
0	vdw	A:ARG:201:N	A:ASP:198:O
0	vdw	A:ARG:201:N	A:ASP:198:CG
0	vdw	A:ASP:198:C	A:GLY:202:N
0	vdw	A:ASP:198:O	A:GLY:202:N
0	vdw	A:ASP:198:O	A:GLY:202:CA
0	vdw	A:ASP:198:O	A:GLY:202:C
0	vdw	A:ARG:201:N	A:ILE:199:C
0	vdw	A:GLU:200:C	A:GLY:202:N
0	vdw	A:ARG:201:N	A:ASP:198:OD1
0	vdw	A:ASP:198:CA	A:LEU:262:CD2
0	vdw	A:ASP:198:C	A:GLU:200:N
0	vdw	A:ASP:198:O	A:GLU:200:N
0	vdw	A:LEU:262:CD1	A:VAL:244:CG2
0	vdw	A:LEU:262:CD1	A:TYR:257:CB
0	vdw	A:TYR:257:O	A:VAL:244:CG2
0	vdw	A:TYR:257:O	A:VAL:244:N
0	vdw	A:TYR:257:O	A:VAL:244:O
0	vdw	A:LEU:243:O	A:SER:211:N
0	vdw	A:GLN:114:N	A:VAL:111:C
0	vdw	A:GLN:114:CB	A:VAL:111:O
0	vdw	A:LEU:115:N	A:VAL:111:O
0	vdw	A:LEU:115:CB	A:VAL:111:O
0	vdw	A:LEU:115:CG	A:VAL:111:O
0	vdw	A:ARG:201:CB	A:ASP:198:CG
0	vdw	A:ASP:198:OD2	A:TYR:257:OH
0	vdw	A:THR:256:CA	A:VAL:244:O
0	vdw	A:THR:256:C	A:VAL:244:O
0	vdw	A:TYR:257:N	A:VAL:244:O
0	vdw	A:LEU:243:CB	A:THR:256:CG2
0	vdw	A:HIS:217:CD2	A:SER:211:O
0	vdw	A:LEU:25:CD2	A:PRO:107:CG
0	vdw	A:LEU:25:CD2	A:PRO:107:CD
0	vdw	A:PRO:105:O	A:PRO:107:CD
0	vdw	A:LEU:112:CD2	A:PRO:107:CG
0	vdw	A:TRP:63:CE3	A:VAL:111:CG1
0	vdw	A:PRO:107:CB	A:VAL:111:CG1
0	vdw	A:TRP:63:CG	A:VAL:111:CG1
0	vdw	A:TRP:63:CD1	A:VAL:111:CG1
0	vdw	A:TRP:63:CD2	A:VAL:111:CG1
0	vdw	A:TRP:63:CE2	A:VAL:111:CG1
0	vdw	A:LEU:25:CD2	A:PRO:107:CB
0	vdw	A:LEU:112:CD2	A:PRO:107:CB
0	vdw	A:THR:56:CG2	A:TRP:63:CB
0	vdw	A:THR:61:CG2	A:TRP:63:CE2
0	vdw	A:THR:61:O	A:TRP:63:CD1
0	vdw	A:SER:43:OG	A:THR:56:C
0	vdw	A:PHE:57:N	A:SER:43:OG
0	vdw	A:PHE:62:CA	A:THR:56:O
0	vdw	A:PHE:57:CA	A:THR:61:O
0	vdw	A:THR:56:O	A:TRP:63:O
0	vdw	A:THR:56:O	A:TRP:63:CA
0	vdw	A:LEU:115:CD2	A:THR:56:CG2
0	vdw	A:PHE:57:CB	A:SER:43:OG
0	vdw	A:GLY:39:O	A:SER:43:OG
0	vdw	A:PHE:62:CD1	A:SER:43:OG
0	vdw	A:PHE:62:CE1	A:SER:43:OG
0	vdw	A:GLY:39:C	A:PHE:57:CB
0	vdw	A:GLY:39:O	A:PHE:57:CB
0	vdw	A:ASN:40:N	A:LEU:38:O
0	vdw	A:ASN:40:C	A:LEU:42:N
0	vdw	A:ASN:40:O	A:LEU:42:N
0	vdw	A:ARG:41:N	A:LEU:38:O
0	vdw	A:ASN:40:O	A:TYR:44:N
0	vdw	A:ASN:40:O	A:TYR:44:CB
0	vdw	A:ASN:40:C	A:SER:43:N
0	vdw	A:ASN:40:O	A:SER:43:N
0	vdw	A:ASN:40:O	A:SER:43:CA
0	vdw	A:ASN:40:O	A:SER:43:CB
0	vdw	A:GLN:104:O	A:SER:106:N
0	vdw	A:GLN:104:C	A:SER:106:N
0	vdw	A:PRO:105:CB	A:TRP:63:CZ3
0	vdw	A:THR:61:C	A:TRP:63:N
0	vdw	A:THR:61:O	A:TRP:63:N
0	vdw	A:PHE:28:O	A:THR:61:CG2
0	vdw	A:PHE:62:C	A:THR:56:O
0	vdw	A:THR:56:O	A:TRP:63:N
0	vdw	A:PHE:57:CD2	A:THR:61:C
0	vdw	A:PHE:57:CD2	A:THR:61:O
0	vdw	A:PHE:57:CD2	A:PHE:62:CG
0	vdw	A:PHE:57:CD2	A:PHE:62:CE1
0	vdw	A:PHE:57:CD2	A:PHE:62:CD2
0	vdw	A:PHE:57:CD2	A:PHE:62:CE2
0	vdw	A:PHE:57:CD2	A:PHE:62:CZ
0	vdw	A:PHE:28:CE2	A:PHE:62:CG
0	vdw	A:GLY:39:O	A:PHE:62:CE1
0	vdw	A:GLY:39:O	A:LEU:42:N
0	vdw	A:GLY:39:O	A:SER:43:N
0	vdw	A:LEU:42:CB	A:PHE:62:CE1
0	vdw	A:ARG:41:N	A:GLY:39:C
0	vdw	A:ARG:41:N	A:GLY:39:O
0	vdw	A:GLY:39:O	A:SER:43:CA
0	vdw	A:GLY:39:O	A:SER:43:CB
0	vdw	A:LEU:38:O	A:LEU:42:N
0	vdw	A:LEU:38:O	A:LEU:42:CG
0	vdw	A:LEU:38:O	A:LEU:42:CB
0	vdw	A:ARG:41:CB	A:PHE:92:CZ
0	vdw	A:ARG:41:NH2	A:PHE:92:CZ
0	vdw	A:ARG:41:CZ	A:PHE:92:CZ
0	vdw	A:ARG:41:NH2	A:ASP:91:OD2
0	vdw	A:ARG:41:NH2	A:ASP:91:CB
0	vdw	A:ARG:41:NH2	A:ASP:91:CG
0	vdw	A:ASP:224:OD2	A:LYS:220:O
0	vdw	A:GLY:27:C	A:LEU:102:CB
0	vdw	A:GLY:27:O	A:LEU:102:CB
0	vdw	A:GLY:27:C	A:LEU:102:CG
0	vdw	A:GLY:27:O	A:LEU:102:CG
0	vdw	A:GLY:27:C	A:LEU:102:CD1
0	vdw	A:LEU:102:CD1	A:THR:61:CG2
0	vdw	A:GLY:27:CA	A:LEU:102:CD1
0	vdw	A:PHE:28:O	A:PHE:62:CD2
0	vdw	A:GLN:100:O	A:PHE:28:C
0	vdw	A:ARG:29:N	A:GLN:100:O
0	vdw	A:PHE:28:O	A:PHE:62:N
0	vdw	A:PHE:28:O	A:PHE:62:CA
0	vdw	A:PHE:28:O	A:PHE:62:CB
0	vdw	A:PHE:28:CE2	A:PHE:62:CD2
0	vdw	A:LEU:30:CD1	A:PHE:62:CE2
0	vdw	A:LEU:30:CD1	A:LEU:42:CD1
0	vdw	A:LEU:30:CG	A:PHE:62:CE2
0	vdw	A:LEU:38:CD1	A:PHE:92:CD1
0	vdw	A:LEU:38:CD1	A:PHE:92:CE1
0	vdw	A:ARG:41:NH2	A:PHE:92:CE1
0	vdw	A:ARG:41:CZ	A:PHE:92:CE1
0	vdw	A:ASP:91:N	A:VAL:89:C
0	vdw	A:ASP:91:N	A:VAL:89:O
0	vdw	A:PHE:92:N	A:VAL:89:O
0	vdw	A:GLU:90:C	A:PHE:92:N
0	vdw	A:ASP:91:C	A:LYS:93:N
0	vdw	A:GLU:90:O	A:PHE:92:N
0	vdw	A:ARG:29:O	A:GLN:100:N
0	vdw	A:ARG:29:O	A:GLN:100:CA
0	vdw	A:ARG:29:CA	A:GLN:100:O
0	vdw	A:GLN:100:O	A:PHE:28:CA
0	vdw	A:GLN:100:O	A:PHE:28:CB
0	vdw	A:LEU:30:CA	A:SER:98:O
0	vdw	A:LEU:30:C	A:SER:98:O
0	vdw	A:SER:98:O	A:THR:31:N
0	vdw	A:ARG:29:O	A:PHE:99:CA
0	vdw	A:ARG:29:O	A:PHE:99:C
0	vdw	A:TRP:97:CD2	A:TYR:95:CB
0	vdw	A:TRP:97:CE2	A:TYR:95:CB
0	vdw	A:TRP:97:CE2	A:TYR:95:CG
0	vdw	A:TRP:97:CH2	A:TYR:95:CB
0	vdw	A:TRP:97:CH2	A:TYR:95:CG
0	vdw	A:TRP:97:CH2	A:TYR:95:CD2
0	vdw	A:TRP:97:CZ2	A:TYR:95:CB
0	vdw	A:TRP:97:CZ2	A:TYR:95:CG
0	vdw	A:TRP:97:CZ2	A:TYR:95:CD2
0	vdw	A:TRP:97:CZ3	A:TYR:95:CB
0	vdw	A:LEU:82:CD1	A:TRP:97:CE3
0	vdw	A:GLN:86:NE2	A:TRP:97:CE3
0	vdw	A:PHE:92:CA	A:TYR:95:CD2
0	vdw	A:PHE:92:O	A:TYR:95:CB
0	vdw	A:PHE:92:O	A:TYR:95:CD2
0	vdw	A:PHE:92:C	A:TYR:95:CD2
0	vdw	A:ASP:91:O	A:TYR:95:CD2
0	vdw	A:PHE:92:CA	A:VAL:89:O
0	vdw	A:LEU:30:CD2	A:SER:98:O
0	vdw	A:THR:31:O	A:TRP:97:CA
0	vdw	A:THR:31:O	A:TRP:97:C
0	vdw	A:SER:98:N	A:THR:31:O
0	vdw	A:SER:94:O	A:TYR:96:CD2
0	vdw	A:SER:94:O	A:TYR:96:CE2
0	vdw	A:LYS:93:C	A:TYR:95:N
0	vdw	A:LYS:93:O	A:TYR:95:N
0	vdw	A:PHE:92:O	A:TYR:95:N
0	vdw	A:GLN:86:NE2	A:TYR:95:C
0	vdw	A:GLN:86:NE2	A:TYR:95:O
0	vdw	A:PHE:92:C	A:SER:94:N
0	vdw	A:PHE:92:O	A:SER:94:N
0	vdw	A:ASN:294:OD1	A:GLN:290:NE2
0	vdw	A:ASN:294:ND2	A:GLN:290:NE2
0	vdw	A:VAL:131:CA	A:VAL:139:O
0	vdw	A:GLU:133:C	A:VAL:137:O
0	vdw	A:ILE:297:CB	A:LYS:293:O
0	vdw	A:ILE:297:CG1	A:LYS:293:O
0	vdw	A:ILE:297:CD1	A:LYS:293:O
0	vdw	A:LEU:296:N	A:LYS:293:O
0	vdw	A:ILE:297:N	A:LYS:293:O
0	vdw	A:ASN:294:C	A:LEU:296:N
0	vdw	A:ASN:294:O	A:LEU:296:N
0	vdw	A:ASN:294:O	A:ILE:297:N
0	vdw	A:LYS:293:C	A:SER:295:N
0	vdw	A:LYS:293:O	A:SER:295:N
0	vdw	A:ILE:297:N	A:SER:295:C
0	vdw	A:ASN:294:O	A:ASN:298:N
0	vdw	A:ASN:294:O	A:ASN:298:CB
0	vdw	A:ILE:297:N	A:SER:295:O
0	vdw	A:ASN:299:ND2	A:SER:295:C
0	vdw	A:ASN:299:ND2	A:SER:295:OG
0	vdw	A:ARG:141:CG	A:ASN:129:O
0	vdw	A:ARG:141:CG	A:VAL:131:CG2
0	vdw	A:ARG:141:N	A:ASN:129:O
0	vdw	A:ARG:141:CA	A:ASN:129:O
0	vdw	A:ARG:141:CB	A:ASN:129:O
0	vdw	A:ASN:129:O	A:ASN:140:CA
0	vdw	A:VAL:131:N	A:VAL:139:O
0	vdw	A:VAL:131:CB	A:VAL:139:O
0	vdw	A:GLU:133:CA	A:VAL:137:O
0	vdw	A:GLU:138:CA	A:THR:132:O
0	vdw	A:ASN:134:N	A:VAL:137:O
0	vdw	A:ASN:134:O	A:VAL:137:O
0	vdw	A:ASN:134:C	A:GLY:136:N
0	vdw	A:ASN:134:O	A:GLY:136:N
0	vdw	A:ASP:316:C	A:LYS:300:NZ
0	vdw	A:ALA:315:C	A:LYS:317:N
0	vdw	A:ALA:315:O	A:LYS:317:N
0	vdw	A:ASP:316:O	A:LYS:300:NZ
0	vdw	A:ALA:315:O	A:LYS:300:NZ
0	vdw	A:LEU:296:O	A:LYS:300:CB
0	vdw	A:LEU:296:O	A:LYS:300:N
0	vdw	A:ASN:299:N	A:LEU:296:O
0	vdw	A:ASN:298:C	A:LYS:300:N
0	vdw	A:ASN:298:O	A:LYS:300:N
0	vdw	A:ILE:297:O	A:LYS:300:N
0	vdw	A:ASN:298:N	A:LEU:296:C
0	vdw	A:ASN:298:N	A:LEU:296:O
0	vdw	A:ASN:299:CB	A:SER:295:O
0	vdw	A:ASN:299:CG	A:SER:295:O
0	vdw	A:ASN:299:ND2	A:SER:295:O
0	vdw	A:ASN:299:CG	A:VAL:143:CG2
0	vdw	A:ASN:299:ND2	A:VAL:143:CG2
0	vdw	A:ASN:299:N	A:SER:295:O
0	vdw	A:ASN:299:CA	A:SER:295:O
0	vdw	A:ASN:298:N	A:SER:295:O
0	vdw	A:ARG:141:N	A:ASN:129:C
0	vdw	A:ARG:141:O	A:ASN:129:N
0	vdw	A:ARG:141:CB	A:ASN:129:CB
0	vdw	A:ASN:140:OD1	A:LYS:130:CA
0	vdw	A:ASN:140:OD1	A:LYS:130:CB
0	vdw	A:GLU:133:CG	A:GLU:138:CG
0	vdw	A:GLY:136:C	A:TYR:170:CD2
0	vdw	A:GLY:136:O	A:TYR:170:CD2
0	vdw	A:GLY:136:C	A:LYS:171:N
0	vdw	A:GLY:136:O	A:TYR:170:CA
0	vdw	A:GLY:136:O	A:TYR:170:C
0	vdw	A:GLY:136:O	A:LYS:171:N
0	vdw	A:GLY:136:O	A:LYS:171:CB
0	vdw	A:GLY:136:O	A:LYS:171:CA
0	vdw	A:ASN:134:C	A:VAL:137:N
0	vdw	A:ASN:134:O	A:VAL:137:N
0	vdw	A:GLN:135:C	A:VAL:137:N
0	vdw	A:GLN:135:O	A:VAL:137:N
0	vdw	A:ASN:134:O	A:VAL:137:CA
0	vdw	A:HIS:181:N	A:PHE:177:O
0	vdw	A:HIS:181:N	A:PHE:178:O
0	vdw	A:HIS:181:CB	A:PHE:177:O
0	vdw	A:GLN:179:C	A:HIS:181:N
0	vdw	A:ARG:184:N	A:HIS:181:O
0	vdw	A:ARG:184:CB	A:HIS:181:O
0	vdw	A:ARG:184:CG	A:HIS:181:O
0	vdw	A:ARG:184:N	A:PRO:182:C
0	vdw	A:ASP:316:N	A:VAL:314:O
0	vdw	A:ALA:315:O	A:LYS:300:CE
0	vdw	A:LEU:296:O	A:LYS:300:CA
0	vdw	A:LEU:162:CD1	A:VAL:143:CG1
0	vdw	A:LEU:162:CD1	A:PHE:126:CZ
0	vdw	A:ASN:299:CB	A:LEU:162:CD1
0	vdw	A:ASN:299:C	A:GLU:301:N
0	vdw	A:PHE:126:CD2	A:VAL:143:CG1
0	vdw	A:ASN:299:OD1	A:VAL:143:CG2
0	vdw	A:GLY:172:N	A:TYR:170:C
0	vdw	A:GLY:172:N	A:TYR:170:O
0	vdw	A:PHE:177:CB	A:TYR:170:CE1
0	vdw	A:PHE:177:CA	A:TYR:170:CZ
0	vdw	A:PHE:177:CB	A:TYR:170:CZ
0	vdw	A:PHE:177:CD2	A:TYR:170:CZ
0	vdw	A:GLY:172:O	A:TYR:170:CD1
0	vdw	A:PRO:264:CD	A:TYR:170:CD1
0	vdw	A:GLY:172:C	A:TYR:170:CD1
0	vdw	A:PHE:177:N	A:TYR:170:OH
0	vdw	A:PHE:177:CA	A:TYR:170:OH
0	vdw	A:PHE:177:CB	A:TYR:170:OH
0	vdw	A:PHE:177:CD2	A:TYR:170:OH
0	vdw	A:LEU:174:O	A:PHE:177:N
0	vdw	A:LEU:174:O	A:PHE:177:CA
0	vdw	A:LEU:174:O	A:PHE:177:CB
0	vdw	A:GLN:179:N	A:PHE:177:C
0	vdw	A:ALA:175:C	A:PHE:177:N
0	vdw	A:ALA:175:O	A:PHE:177:N
0	vdw	A:ARG:184:CB	A:PHE:178:O
0	vdw	A:GLN:179:N	A:PHE:177:O
0	vdw	A:ASN:180:N	A:PHE:177:O
0	vdw	A:ASN:180:N	A:PHE:178:C
0	vdw	A:ASN:180:N	A:PHE:178:O
0	vdw	A:ALA:175:O	A:PHE:178:N
0	vdw	A:ASP:176:C	A:PHE:178:N
0	vdw	A:ASP:176:O	A:PHE:178:N
0	vdw	A:ARG:184:N	A:PRO:182:O
0	vdw	A:GLN:313:O	A:VAL:18:C
0	vdw	A:GLN:313:O	A:THR:19:N
0	vdw	A:GLN:313:O	A:VAL:18:CA
0	vdw	A:LEU:307:CD1	A:VAL:314:CG2
0	vdw	A:PHE:126:CE2	A:PHE:145:CE1
0	vdw	A:CYS:263:SG	A:GLY:172:O
0	vdw	A:CYS:263:SG	A:ILE:199:CG1
0	vdw	A:CYS:263:SG	A:ILE:199:CD1
0	vdw	A:GLY:172:O	A:PRO:264:CD
0	vdw	A:LEU:174:N	A:PRO:264:CD
0	vdw	A:ALA:175:N	A:HIS:173:C
0	vdw	A:ALA:175:N	A:HIS:173:O
0	vdw	A:HIS:173:C	A:LEU:262:O
0	vdw	A:LEU:174:N	A:LEU:262:O
0	vdw	A:ASP:176:N	A:HIS:173:O
0	vdw	A:HIS:173:O	A:PHE:177:N
0	vdw	A:ASP:176:CA	A:HIS:173:O
0	vdw	A:ASP:176:CB	A:HIS:173:O
0	vdw	A:LEU:174:O	A:PHE:178:CB
0	vdw	A:LEU:174:CB	A:MET:259:O
0	vdw	A:ALA:175:N	A:MET:259:CB
0	vdw	A:ASP:176:N	A:LEU:174:C
0	vdw	A:ASP:176:N	A:LEU:174:O
0	vdw	A:ALA:175:N	A:HIS:173:ND1
0	vdw	A:LEU:174:O	A:PHE:178:N
0	vdw	A:MET:259:SD	A:PHE:178:CB
0	vdw	A:MET:259:SD	A:PHE:178:CG
0	vdw	A:ALA:175:O	A:PHE:178:CB
0	vdw	A:ARG:184:O	A:PHE:178:CE2
0	vdw	A:ARG:184:O	A:PHE:178:CZ
0	vdw	A:GLN:313:N	A:THR:19:O
0	vdw	A:PHE:312:CD1	A:THR:19:O
0	vdw	A:PHE:312:CA	A:THR:19:O
0	vdw	A:PHE:312:C	A:THR:19:O
0	vdw	A:GLN:313:CA	A:THR:19:O
0	vdw	A:GLN:313:CB	A:THR:19:OG1
0	vdw	A:PHE:160:CE1	A:VAL:18:CG1
0	vdw	A:ALA:303:O	A:LEU:307:CD1
0	vdw	A:ALA:116:O	A:LEU:120:CG
0	vdw	A:LEU:120:CB	A:PHE:145:CE2
0	vdw	A:LEU:120:CB	A:PHE:145:CZ
0	vdw	A:ALA:116:O	A:ALA:118:N
0	vdw	A:ALA:116:O	A:ILE:119:N
0	vdw	A:CYS:117:O	A:LEU:120:CB
0	vdw	A:ALA:116:O	A:LEU:120:N
0	vdw	A:ALA:116:O	A:ILE:119:CA
0	vdw	A:ALA:116:O	A:ILE:119:CB
0	vdw	A:ALA:116:O	A:LEU:307:CD2
0	vdw	A:LYS:121:N	A:PHE:145:CZ
0	vdw	A:ALA:118:O	A:LYS:121:N
0	vdw	A:LYS:121:CG	A:PHE:145:CE2
0	vdw	A:LYS:121:CA	A:PHE:145:CZ
0	vdw	A:LYS:121:CG	A:PHE:145:CZ
0	vdw	A:LEU:120:C	A:PHE:145:CZ
0	vdw	A:ILE:119:O	A:LYS:121:N
0	vdw	A:ILE:119:C	A:LYS:121:N
0	vdw	A:ALA:261:O	A:ILE:199:CB
0	vdw	A:ALA:261:C	A:ILE:199:CG1
0	vdw	A:ALA:261:O	A:ILE:199:CG1
0	vdw	A:LEU:262:N	A:MET:259:O
0	vdw	A:LEU:262:CA	A:MET:259:O
0	vdw	A:LEU:262:O	A:MET:259:O
0	vdw	A:ALA:260:C	A:LEU:262:N
0	vdw	A:ALA:260:O	A:LEU:262:N
0	vdw	A:LEU:174:CB	A:LEU:262:O
0	vdw	A:HIS:173:CA	A:LEU:262:O
0	vdw	A:HIS:173:CB	A:LEU:262:O
0	vdw	A:ALA:175:CA	A:MET:259:CB
0	vdw	A:ALA:175:CB	A:MET:259:CB
0	vdw	A:ALA:261:N	A:MET:259:C
0	vdw	A:ALA:261:N	A:MET:259:O
0	vdw	A:MET:259:CE	A:PRO:242:CB
0	vdw	A:MET:259:CE	A:PRO:242:CG
0	vdw	A:MET:259:CE	A:PRO:242:CD
0	vdw	A:MET:259:CG	A:PRO:242:O
0	vdw	A:MET:259:CE	A:PRO:242:O
0	vdw	A:MET:259:CE	A:PRO:242:C
0	vdw	A:MET:259:SD	A:PHE:178:CD1
0	vdw	A:GLY:212:O	A:PRO:242:CA
0	vdw	A:ASN:240:O	A:PRO:242:N
0	vdw	A:ASN:240:O	A:PRO:242:CD
0	vdw	A:ILE:20:CG2	A:LEU:112:CD2
0	vdw	A:ILE:119:CD1	A:PHE:312:CE2
0	vdw	A:LEU:65:CD2	A:PHE:312:CE2
0	vdw	A:CYS:117:N	A:LEU:115:C
0	vdw	A:ALA:118:N	A:LEU:115:C
0	vdw	A:ALA:116:CA	A:LEU:307:CD2
0	vdw	A:CYS:117:N	A:LEU:115:O
0	vdw	A:ALA:118:N	A:LEU:115:O
0	vdw	A:ALA:118:CA	A:LEU:115:O
0	vdw	A:ILE:119:N	A:LEU:115:O
0	vdw	A:ALA:116:C	A:ALA:118:N
0	vdw	A:CYS:117:C	A:ILE:119:N
0	vdw	A:CYS:117:O	A:ILE:119:N
0	vdw	A:CYS:117:O	A:LYS:121:CB
0	vdw	A:CYS:117:O	A:LYS:121:CG
0	vdw	A:ALA:118:CB	A:LEU:115:O
0	vdw	A:ILE:119:CG1	A:LEU:115:O
0	vdw	A:ALA:118:C	A:VAL:54:CG1
0	vdw	A:CYS:117:O	A:LYS:121:N
0	vdw	A:CYS:117:O	A:PHE:145:CE2
0	vdw	A:ILE:119:CD1	A:LEU:115:O
0	vdw	A:CYS:117:C	A:LEU:120:N
0	vdw	A:CYS:117:O	A:LEU:120:N
0	vdw	A:ALA:118:C	A:LEU:120:N
0	vdw	A:CYS:117:O	A:LEU:120:CA
0	vdw	A:CYS:117:O	A:LEU:120:C
0	vdw	A:ALA:118:O	A:THR:122:N
0	vdw	A:ALA:118:O	A:THR:122:CB
0	vdw	A:ALA:118:O	A:THR:122:OG1
0	vdw	A:ALA:118:O	A:LEU:120:N
0	vdw	A:ASP:198:OD1	A:GLU:200:CA
0	vdw	A:ASP:198:OD1	A:GLU:200:N
0	vdw	A:ALA:261:O	A:ILE:199:N
0	vdw	A:ASP:198:OD1	A:GLU:200:CB
0	vdw	A:ALA:258:O	A:ALA:261:CA
0	vdw	A:ALA:258:O	A:ALA:261:CB
0	vdw	A:ALA:261:C	A:ILE:199:CD1
0	vdw	A:LEU:243:CD2	A:TYR:257:C
0	vdw	A:ALA:258:N	A:LEU:243:CD2
0	vdw	A:ALA:258:CA	A:LEU:243:CD2
0	vdw	A:ALA:258:O	A:ALA:261:N
0	vdw	A:ALA:258:C	A:ALA:260:N
0	vdw	A:ALA:258:O	A:ALA:260:N
0	vdw	A:LEU:243:CA	A:TYR:257:O
0	vdw	A:LEU:243:CD2	A:TYR:257:O
0	vdw	A:GLY:212:O	A:PRO:242:C
0	vdw	A:GLY:212:O	A:LEU:243:N
0	vdw	A:GLN:241:O	A:LEU:243:N
0	vdw	A:GLU:239:O	A:THR:213:CB
0	vdw	A:GLN:241:O	A:THR:213:CA
0	vdw	A:LEU:115:CD2	A:LEU:65:CB
0	vdw	A:LEU:115:CD2	A:TRP:63:O
0	vdw	A:ALA:118:CB	A:VAL:54:CG1
0	vdw	A:GLU:200:CD	A:GLY:227:CA
0	vdw	A:GLU:200:CD	A:GLY:227:C
0	vdw	A:ALA:228:N	A:GLU:200:CD
0	vdw	A:GLU:200:OE2	A:GLY:227:CA
0	vdw	A:GLU:200:OE2	A:GLY:227:C
0	vdw	A:GLY:227:O	A:SER:230:CB
0	vdw	A:LEU:221:CD1	A:LEU:243:CD2
0	vdw	A:LEU:243:CD2	A:VAL:214:CG2
0	vdw	A:LEU:243:CG	A:THR:213:C
0	vdw	A:LEU:243:CD1	A:THR:213:C
0	vdw	A:LEU:243:CD1	A:THR:213:O
0	vdw	A:HIS:217:CD2	A:THR:213:O
0	vdw	A:HIS:217:CB	A:LEU:243:CD1
0	vdw	A:GLY:215:N	A:THR:213:C
0	vdw	A:GLY:215:N	A:THR:213:O
0	vdw	A:GLU:216:N	A:THR:213:O
0	vdw	A:HIS:217:N	A:THR:213:O
0	vdw	A:GLN:241:O	A:THR:213:C
0	vdw	A:GLU:216:CB	A:THR:213:OG1
0	vdw	A:GLU:216:CG	A:THR:213:OG1
0	vdw	A:GLU:216:CD	A:THR:213:OG1
0	vdw	A:LEU:25:CD2	A:PRO:105:CB
0	vdw	A:LEU:25:CD1	A:VAL:64:O
0	vdw	A:LEU:115:CD1	A:LEU:25:CD1
0	vdw	A:MET:26:O	A:VAL:64:N
0	vdw	A:TRP:63:O	A:VAL:55:CA
0	vdw	A:TRP:63:O	A:VAL:55:C
0	vdw	A:THR:56:N	A:TRP:63:O
0	vdw	A:SER:43:CB	A:VAL:55:C
0	vdw	A:SER:47:OG	A:VAL:55:CA
0	vdw	A:SER:47:OG	A:VAL:55:CB
0	vdw	A:SER:43:CB	A:VAL:55:O
0	vdw	A:SER:43:O	A:SER:47:N
0	vdw	A:SER:43:O	A:SER:47:CB
0	vdw	A:SER:43:O	A:SER:47:OG
0	vdw	A:HIS:45:N	A:SER:43:C
0	vdw	A:HIS:45:N	A:SER:43:O
0	vdw	A:PHE:46:N	A:SER:43:O
0	vdw	A:ARG:41:O	A:TYR:44:N
0	vdw	A:ARG:41:O	A:TYR:44:CA
0	vdw	A:ARG:41:O	A:TYR:44:CB
0	vdw	A:ARG:41:O	A:SER:43:N
0	vdw	A:ARG:41:C	A:TYR:44:N
0	vdw	A:LEU:42:C	A:TYR:44:N
0	vdw	A:LEU:42:O	A:TYR:44:N
0	vdw	A:ARG:41:O	A:HIS:45:N
0	vdw	A:ARG:41:O	A:HIS:45:CD2
0	vdw	A:ALA:225:C	A:GLY:227:N
0	vdw	A:ALA:225:CA	A:LEU:221:O
0	vdw	A:ASP:224:N	A:LEU:221:O
0	vdw	A:ASP:224:CA	A:LEU:221:O
0	vdw	A:ASP:224:C	A:LEU:221:O
0	vdw	A:ALA:225:N	A:LEU:221:O
0	vdw	A:LEU:221:O	A:LYS:223:N
0	vdw	A:ALA:225:CB	A:LEU:221:O
0	vdw	A:HIS:217:O	A:LEU:221:CB
0	vdw	A:HIS:217:O	A:LEU:221:CG
0	vdw	A:LEU:221:CD1	A:LEU:243:CD1
0	vdw	A:LEU:221:CB	A:LEU:234:CD1
0	vdw	A:LEU:221:CD1	A:LEU:234:CD2
0	vdw	A:HIS:103:C	A:PRO:105:N
0	vdw	A:LEU:25:CD2	A:PRO:105:O
0	vdw	A:GLY:27:CA	A:PHE:62:O
0	vdw	A:GLY:27:C	A:PHE:62:O
0	vdw	A:PHE:28:N	A:PHE:62:O
0	vdw	A:MET:26:O	A:VAL:64:CA
0	vdw	A:MET:26:O	A:VAL:64:O
0	vdw	A:PHE:28:CE2	A:PHE:62:CB
0	vdw	A:PHE:28:CZ	A:PHE:62:CB
0	vdw	A:LEU:42:C	A:PHE:46:CD2
0	vdw	A:LEU:42:O	A:PHE:46:CD2
0	vdw	A:ARG:41:C	A:SER:43:N
0	vdw	A:HIS:45:CA	A:LEU:42:O
0	vdw	A:HIS:45:C	A:LEU:42:O
0	vdw	A:HIS:45:CB	A:LEU:42:O
0	vdw	A:LEU:42:O	A:PHE:46:N
0	vdw	A:LEU:42:O	A:PHE:46:CA
0	vdw	A:LEU:42:O	A:PHE:46:CB
0	vdw	A:LEU:42:O	A:PHE:46:CG
0	vdw	A:HIS:45:N	A:LEU:42:C
0	vdw	A:HIS:45:N	A:LEU:42:O
0	vdw	A:HIS:45:CD2	A:PHE:92:CE2
0	vdw	A:HIS:45:NE2	A:VAL:89:CG2
0	vdw	A:PHE:92:CE2	A:VAL:89:CG1
0	vdw	A:PHE:92:CE2	A:VAL:89:CB
0	vdw	A:HIS:45:CE1	A:VAL:89:CG2
0	vdw	A:ILE:85:O	A:VAL:89:CG2
0	vdw	A:ASP:224:O	A:THR:226:N
0	vdw	A:ALA:225:C	A:LYS:231:CE
0	vdw	A:ASP:224:N	A:LYS:220:O
0	vdw	A:ASP:224:CB	A:LYS:220:O
0	vdw	A:ASP:224:CG	A:LYS:220:O
0	vdw	A:ASP:224:N	A:LEU:222:C
0	vdw	A:ASP:224:N	A:LEU:222:O
0	vdw	A:ALA:225:N	A:LEU:222:O
0	vdw	A:ALA:225:N	A:LYS:223:C
0	vdw	A:ASP:224:N	A:LEU:221:C
0	vdw	A:GLU:219:C	A:LEU:221:N
0	vdw	A:GLU:219:O	A:LEU:221:N
0	vdw	A:LYS:220:O	A:LYS:223:N
0	vdw	A:LYS:220:O	A:LYS:223:CA
0	vdw	A:ARG:218:O	A:LEU:221:N
0	vdw	A:LYS:220:O	A:LYS:223:CB
0	vdw	A:HIS:217:O	A:LEU:221:N
0	vdw	A:LEU:222:N	A:LYS:220:C
0	vdw	A:LEU:222:N	A:LYS:220:O
0	vdw	A:GLN:104:N	A:LEU:102:C
0	vdw	A:GLN:104:N	A:LEU:102:O
0	vdw	A:GLY:27:O	A:LEU:102:CA
0	vdw	A:PHE:28:CB	A:TRP:101:CE3
0	vdw	A:PHE:28:CG	A:PHE:99:CD1
0	vdw	A:PHE:28:CD2	A:PHE:99:CD1
0	vdw	A:PHE:28:CD2	A:PHE:99:CE1
0	vdw	A:PHE:28:CE2	A:PHE:99:CD1
0	vdw	A:PHE:28:CE2	A:PHE:99:CE1
0	vdw	A:PHE:28:CZ	A:PHE:99:CE1
0	vdw	A:PHE:28:CD1	A:TRP:101:CZ3
0	vdw	A:PHE:28:CE1	A:VAL:64:CG2
0	vdw	A:LEU:82:CD1	A:PHE:46:CZ
0	vdw	A:PHE:92:CB	A:VAL:89:O
0	vdw	A:PHE:92:CD2	A:VAL:89:CB
0	vdw	A:ILE:85:CG2	A:PHE:92:CD2
0	vdw	A:PHE:92:CD2	A:VAL:89:CG1
0	vdw	A:PHE:92:CD2	A:VAL:89:CG2
0	vdw	A:GLN:86:O	A:VAL:89:O
0	vdw	A:ILE:85:O	A:VAL:89:CB
0	vdw	A:GLY:27:O	A:LEU:102:N
0	vdw	A:LEU:82:CD2	A:PHE:99:CE2
0	vdw	A:GLN:86:CG	A:PHE:92:O
0	vdw	A:GLN:86:NE2	A:PHE:92:O
0	vdw	A:GLN:86:CG	A:LEU:82:O
0	vdw	A:GLU:90:O	A:LYS:93:N
0	vdw	A:GLU:90:O	A:LYS:93:CB
0	vdw	A:GLN:86:O	A:LYS:93:CG
0	vdw	A:GLU:90:CD	A:LYS:93:CD
0	vdw	A:GLU:90:OE2	A:LYS:93:CD
0	vdw	A:GLU:90:OE2	A:LYS:93:CE
0	vdw	A:GLU:90:OE2	A:LYS:93:NZ
0	vdw	A:GLU:133:OE1	A:LYS:171:CD
0	vdw	A:GLU:133:OE2	A:LYS:130:NZ
0	vdw	A:ASP:316:OD1	A:LYS:304:NZ
0	vdw	A:GLU:301:N	A:ILE:297:O
0	vdw	A:GLU:301:CB	A:ILE:297:O
0	vdw	A:ASN:299:N	A:ILE:297:O
0	vdw	A:ASN:298:O	A:GLU:301:N
0	vdw	A:ASN:298:O	A:GLU:301:CB
0	vdw	A:ASN:299:O	A:GLU:301:N
0	vdw	A:ASN:299:N	A:ILE:297:C
0	vdw	A:ASN:298:O	A:LYS:302:N
0	vdw	A:ASN:298:O	A:LYS:302:CG
0	vdw	A:ASN:299:OD1	A:PHE:126:CD1
0	vdw	A:ASN:298:ND2	A:LYS:302:CE
0	vdw	A:GLU:138:CD	A:LYS:171:CB
0	vdw	A:GLU:138:CD	A:LYS:171:CD
0	vdw	A:GLU:138:OE1	A:LYS:171:CB
0	vdw	A:GLU:138:OE1	A:LYS:171:CG
0	vdw	A:GLU:138:OE1	A:LYS:171:CD
0	vdw	A:GLU:133:CD	A:GLU:138:OE1
0	vdw	A:ASN:180:ND2	A:ASP:176:O
0	vdw	A:ARG:184:NH1	A:GLN:179:O
0	vdw	A:LYS:300:O	A:LYS:304:CB
0	vdw	A:LYS:300:C	A:LYS:302:N
0	vdw	A:ALA:303:N	A:LYS:300:C
0	vdw	A:LYS:300:O	A:LYS:302:N
0	vdw	A:ALA:303:N	A:LYS:300:O
0	vdw	A:ALA:303:N	A:GLU:301:C
0	vdw	A:ALA:303:C	A:LYS:300:O
0	vdw	A:LYS:300:O	A:LYS:304:N
0	vdw	A:LYS:300:O	A:LYS:304:CA
0	vdw	A:GLU:301:C	A:LYS:304:N
0	vdw	A:GLU:301:O	A:LYS:304:CB
0	vdw	A:ALA:303:CA	A:LYS:300:O
0	vdw	A:ALA:303:CB	A:LYS:300:O
0	vdw	A:ASN:298:O	A:GLU:301:CA
0	vdw	A:ASN:299:O	A:LYS:302:N
0	vdw	A:ASN:299:O	A:LYS:302:CB
0	vdw	A:ALA:303:N	A:ASN:299:O
0	vdw	A:ASN:299:O	A:PHE:126:CE1
0	vdw	A:ALA:303:CB	A:ASN:299:O
0	vdw	A:ALA:303:N	A:GLU:301:O
0	vdw	A:ASN:129:N	A:SER:127:O
0	vdw	A:ASP:176:O	A:GLN:179:N
0	vdw	A:ASN:180:N	A:ASP:176:O
0	vdw	A:ASP:176:CB	A:HIS:173:CE1
0	vdw	A:ASN:180:CB	A:ASP:176:O
0	vdw	A:ASN:180:CG	A:ASP:176:O
0	vdw	A:ALA:175:O	A:GLN:179:N
0	vdw	A:ALA:175:O	A:GLN:179:CB
0	vdw	A:ALA:303:O	A:LEU:307:N
0	vdw	A:ALA:303:O	A:LEU:307:CA
0	vdw	A:ALA:303:O	A:LEU:307:CB
0	vdw	A:ALA:303:O	A:LEU:307:CG
0	vdw	A:ALA:303:C	A:ILE:305:N
0	vdw	A:ALA:303:O	A:ILE:305:N
0	vdw	A:ALA:303:O	A:LEU:306:N
0	vdw	A:LYS:302:O	A:LYS:304:N
0	vdw	A:LYS:302:C	A:LYS:304:N
0	vdw	A:GLU:301:O	A:LYS:304:N
0	vdw	A:GLU:301:O	A:LYS:304:CA
0	vdw	A:ARG:124:C	A:PHE:126:N
0	vdw	A:LEU:120:O	A:PRO:125:CD
0	vdw	A:ARG:124:O	A:PHE:126:N
0	vdw	A:HIS:123:C	A:PRO:125:N
0	vdw	A:HIS:123:C	A:PRO:125:CD
0	vdw	A:HIS:123:O	A:PRO:125:N
0	vdw	A:ASP:176:OD2	A:HIS:173:N
0	vdw	A:ASP:176:OD2	A:HIS:173:CG
0	vdw	A:ASP:176:OD2	A:HIS:173:CD2
0	vdw	A:ASP:176:CG	A:HIS:173:CG
0	vdw	A:ASP:176:CG	A:HIS:173:CD2
0	vdw	A:ASP:176:OD2	A:HIS:173:ND1
0	vdw	A:ASP:176:OD2	A:HIS:173:CE1
0	vdw	A:ALA:260:O	A:HIS:173:CB
0	vdw	A:ASP:176:OD2	A:HIS:173:NE2
0	vdw	A:ALA:260:CA	A:HIS:173:CB
0	vdw	A:ALA:260:CA	A:HIS:173:CG
0	vdw	A:ALA:175:CA	A:HIS:173:ND1
0	vdw	A:ALA:175:C	A:HIS:173:ND1
0	vdw	A:ALA:175:CB	A:HIS:173:ND1
0	vdw	A:ASP:176:N	A:HIS:173:ND1
0	vdw	A:ASP:176:CG	A:HIS:173:ND1
0	vdw	A:ALA:175:CB	A:HIS:173:CE1
0	vdw	A:ASP:176:N	A:HIS:173:CE1
0	vdw	A:ASP:176:CG	A:HIS:173:CE1
0	vdw	A:ASP:176:OD1	A:HIS:173:ND1
0	vdw	A:ASP:176:OD1	A:HIS:173:CE1
0	vdw	A:ALA:175:CB	A:GLN:241:NE2
0	vdw	A:ASP:176:CG	A:HIS:173:NE2
0	vdw	A:ALA:175:O	A:GLN:179:CG
0	vdw	A:LEU:307:O	A:PHE:312:N
0	vdw	A:LEU:307:O	A:PHE:312:CA
0	vdw	A:LEU:307:O	A:PHE:312:CB
0	vdw	A:LEU:307:CB	A:PHE:312:CB
0	vdw	A:LYS:308:CA	A:PHE:312:O
0	vdw	A:LEU:307:O	A:THR:309:N
0	vdw	A:LEU:307:O	A:TYR:310:CA
0	vdw	A:GLY:311:N	A:LEU:307:O
0	vdw	A:PHE:312:N	A:TYR:310:C
0	vdw	A:LEU:307:O	A:TYR:310:N
0	vdw	A:LEU:307:N	A:LYS:304:O
0	vdw	A:ILE:305:C	A:LEU:307:N
0	vdw	A:LEU:120:CD2	A:LEU:306:CD2
0	vdw	A:HIS:123:CB	A:LEU:306:CD2
0	vdw	A:LEU:120:CD2	A:PRO:125:CG
0	vdw	A:LEU:306:CD2	A:PRO:125:CG
0	vdw	A:LEU:306:CD2	A:PRO:125:CD
0	vdw	A:ARG:124:N	A:LEU:120:O
0	vdw	A:ARG:124:CA	A:LEU:120:O
0	vdw	A:LEU:120:C	A:THR:122:N
0	vdw	A:LEU:120:O	A:THR:122:N
0	vdw	A:ARG:124:N	A:THR:122:C
0	vdw	A:ARG:124:CG	A:LYS:121:O
0	vdw	A:ALA:260:O	A:ILE:199:CD1
0	vdw	A:ALA:237:CB	A:GLN:241:OE1
0	vdw	A:GLN:241:N	A:GLU:239:O
0	vdw	A:GLN:241:N	A:PRO:238:O
0	vdw	A:GLN:241:CB	A:PRO:238:O
0	vdw	A:GLN:241:N	A:GLU:239:C
0	vdw	A:GLY:311:O	A:ILE:20:CG1
0	vdw	A:ILE:20:CD1	A:TYR:310:O
0	vdw	A:ILE:119:CD1	A:TYR:310:CB
0	vdw	A:ILE:119:CD1	A:TYR:310:CG
0	vdw	A:ILE:119:CD1	A:TYR:310:CD2
0	vdw	A:ILE:119:CG2	A:TYR:310:CE2
0	vdw	A:HIS:123:CD2	A:ILE:119:CG2
0	vdw	A:ILE:119:CG2	A:TYR:310:CD2
0	vdw	A:ILE:119:CG2	A:LEU:306:CG
0	vdw	A:ILE:119:O	A:THR:122:N
0	vdw	A:HIS:123:N	A:ILE:119:O
0	vdw	A:HIS:123:N	A:LYS:121:C
0	vdw	A:HIS:123:N	A:LYS:121:O
0	vdw	A:HIS:123:CG	A:ILE:119:O
0	vdw	A:HIS:123:CD2	A:ILE:119:O
0	vdw	A:HIS:123:CB	A:ILE:119:O
0	vdw	A:ALA:233:CB	A:THR:229:O
0	vdw	A:ALA:233:CB	A:SER:230:O
0	vdw	A:ALA:233:CB	A:ALA:260:CB
0	vdw	A:ALA:258:CB	A:LEU:234:CD2
0	vdw	A:GLN:241:O	A:VAL:214:CG2
0	vdw	A:GLN:241:O	A:VAL:214:N
0	vdw	A:PRO:238:O	A:VAL:214:CB
0	vdw	A:GLU:239:O	A:THR:213:OG1
0	vdw	A:GLU:239:O	A:GLY:215:CA
0	vdw	A:PRO:23:CD	A:SER:21:C
0	vdw	A:PRO:23:CD	A:SER:21:O
0	vdw	A:GLN:22:N	A:ILE:20:C
0	vdw	A:ILE:20:CD1	A:PRO:23:CA
0	vdw	A:ILE:20:CD1	A:PRO:23:CB
0	vdw	A:ASN:24:O	A:LEU:65:CD1
0	vdw	A:LEU:65:O	A:VAL:54:N
0	vdw	A:LEU:65:O	A:PHE:53:CA
0	vdw	A:LEU:65:O	A:PHE:53:C
0	vdw	A:TYR:310:OH	A:VAL:54:CG2
0	vdw	A:GLU:200:OE1	A:GLY:227:CA
0	vdw	A:GLU:200:OE1	A:GLY:227:C
0	vdw	A:ALA:228:N	A:GLU:200:OE1
0	vdw	A:ALA:228:C	A:SER:230:N
0	vdw	A:GLY:227:C	A:THR:229:N
0	vdw	A:GLY:227:O	A:THR:229:N
0	vdw	A:LYS:231:N	A:THR:229:C
0	vdw	A:LYS:231:N	A:THR:229:O
0	vdw	A:LEU:234:N	A:SER:230:O
0	vdw	A:LEU:234:CB	A:SER:230:O
0	vdw	A:LEU:234:CG	A:SER:230:O
0	vdw	A:LEU:232:N	A:THR:229:O
0	vdw	A:ALA:233:N	A:THR:229:O
0	vdw	A:LEU:232:N	A:SER:230:C
0	vdw	A:LEU:232:N	A:SER:230:O
0	vdw	A:ALA:233:N	A:SER:230:O
0	vdw	A:LEU:234:CD1	A:SER:230:O
0	vdw	A:ALA:228:O	A:SER:230:N
0	vdw	A:ALA:228:O	A:LYS:231:N
0	vdw	A:ALA:233:CA	A:THR:229:O
0	vdw	A:LEU:234:N	A:LYS:231:O
0	vdw	A:LEU:232:O	A:LEU:234:N
0	vdw	A:LEU:234:CB	A:LYS:231:O
0	vdw	A:LEU:232:C	A:LEU:234:N
0	vdw	A:ARG:218:NE	A:VAL:214:CG1
0	vdw	A:ARG:218:NH2	A:VAL:214:CG1
0	vdw	A:GLU:216:N	A:VAL:214:C
0	vdw	A:GLU:216:N	A:VAL:214:O
0	vdw	A:HIS:217:N	A:VAL:214:O
0	vdw	A:HIS:217:C	A:VAL:214:O
0	vdw	A:ARG:218:N	A:VAL:214:O
0	vdw	A:ARG:218:CB	A:VAL:214:O
0	vdw	A:GLU:239:O	A:GLY:215:N
0	vdw	A:GLU:216:N	A:THR:213:OG1
0	vdw	A:LEU:25:N	A:PRO:23:C
0	vdw	A:LEU:25:N	A:PRO:23:O
0	vdw	A:ASN:24:N	A:GLN:22:O
0	vdw	A:ASN:24:O	A:LEU:65:CA
0	vdw	A:LEU:25:CA	A:VAL:64:O
0	vdw	A:ASN:24:O	A:GLY:66:N
0	vdw	A:VAL:54:O	A:VAL:64:CA
0	vdw	A:VAL:54:O	A:VAL:64:C
0	vdw	A:LEU:65:N	A:VAL:54:O
0	vdw	A:SER:47:OG	A:VAL:55:N
0	vdw	A:PHE:46:CB	A:VAL:55:CG2
0	vdw	A:SER:47:N	A:TYR:44:O
0	vdw	A:SER:47:CB	A:TYR:44:O
0	vdw	A:HIS:45:C	A:SER:47:N
0	vdw	A:HIS:45:O	A:SER:47:N
0	vdw	A:PHE:46:N	A:TYR:44:C
0	vdw	A:PHE:46:N	A:TYR:44:O
0	vdw	A:ARG:48:N	A:TYR:44:O
0	vdw	A:ARG:48:CG	A:TYR:44:O
0	vdw	A:ARG:48:CD	A:TYR:44:CE1
0	vdw	A:GLY:227:O	A:LYS:231:CG
0	vdw	A:GLY:227:O	A:LYS:231:CB
0	vdw	A:GLY:227:O	A:SER:230:N
0	vdw	A:GLY:227:O	A:LYS:231:N
0	vdw	A:ALA:225:CB	A:LYS:231:CG
0	vdw	A:LEU:221:C	A:LEU:234:CD1
0	vdw	A:ARG:218:O	A:LEU:221:C
0	vdw	A:ARG:218:O	A:LEU:222:N
0	vdw	A:LEU:221:C	A:LYS:223:N
0	vdw	A:GLU:219:O	A:LEU:222:N
0	vdw	A:ARG:218:C	A:LYS:220:N
0	vdw	A:ARG:218:O	A:LYS:220:N
0	vdw	A:ARG:218:CA	A:VAL:214:O
0	vdw	A:ARG:218:O	A:LEU:222:CG
0	vdw	A:GLU:219:N	A:HIS:217:C
0	vdw	A:GLU:219:N	A:HIS:217:O
0	vdw	A:GLY:215:O	A:HIS:217:N
0	vdw	A:GLY:215:C	A:HIS:217:N
0	vdw	A:LEU:25:O	A:LYS:72:CE
0	vdw	A:LYS:72:CD	A:MET:26:CG
0	vdw	A:LYS:72:CE	A:MET:26:CG
0	vdw	A:LEU:25:C	A:VAL:64:O
0	vdw	A:MET:26:N	A:VAL:64:O
0	vdw	A:TRP:78:CZ2	A:VAL:64:CG1
0	vdw	A:PHE:53:CD1	A:VAL:64:CG1
0	vdw	A:TRP:78:CH2	A:VAL:64:CG2
0	vdw	A:PHE:46:CG	A:TRP:78:CZ3
0	vdw	A:PHE:46:CD1	A:TRP:78:CZ3
0	vdw	A:PHE:50:CD2	A:TRP:78:CH2
0	vdw	A:PHE:50:CE2	A:TRP:78:CH2
0	vdw	A:PHE:50:CD2	A:TRP:78:CZ3
0	vdw	A:PHE:50:CE2	A:TRP:78:CZ3
0	vdw	A:ARG:48:N	A:PHE:46:C
0	vdw	A:GLN:49:N	A:PHE:46:C
0	vdw	A:HIS:45:C	A:ILE:85:CD1
0	vdw	A:HIS:45:CB	A:ILE:85:CG1
0	vdw	A:HIS:45:CB	A:ILE:85:CD1
0	vdw	A:GLN:49:CG	A:HIS:45:O
0	vdw	A:HIS:45:CB	A:ILE:85:CG2
0	vdw	A:ARG:48:N	A:HIS:45:O
0	vdw	A:ARG:48:CA	A:HIS:45:O
0	vdw	A:ARG:48:CB	A:HIS:45:O
0	vdw	A:GLN:49:N	A:HIS:45:O
0	vdw	A:ALA:225:O	A:LYS:231:CE
0	vdw	A:GLU:219:O	A:LEU:222:CB
0	vdw	A:GLU:219:O	A:LYS:223:N
0	vdw	A:ARG:218:O	A:LEU:222:CA
0	vdw	A:ARG:218:O	A:LEU:222:CB
0	vdw	A:HIS:217:O	A:LYS:220:N
0	vdw	A:MET:26:CE	A:PRO:73:O
0	vdw	A:MET:26:CE	A:TRP:78:NE1
0	vdw	A:TRP:101:CZ3	A:TRP:78:CD1
0	vdw	A:PHE:46:CD1	A:TRP:78:CE3
0	vdw	A:GLU:75:O	A:TRP:78:CB
0	vdw	A:PHE:50:CE2	A:TRP:78:CD2
0	vdw	A:PHE:50:CE2	A:TRP:78:CE3
0	vdw	A:ILE:85:CD1	A:PHE:46:CD1
0	vdw	A:ILE:85:CD1	A:PHE:46:CE1
0	vdw	A:ALA:81:O	A:ILE:85:CG1
0	vdw	A:ALA:81:O	A:ILE:85:CD1
0	vdw	A:ALA:81:O	A:ILE:85:N
0	vdw	A:ALA:81:O	A:ILE:85:CB
0	vdw	A:ALA:81:O	A:ASN:83:N
0	vdw	A:ALA:81:O	A:ASN:84:CB
0	vdw	A:ALA:81:O	A:ASN:84:N
0	vdw	A:ALA:81:O	A:ASN:84:CA
0	vdw	A:GLN:88:N	A:ILE:85:C
0	vdw	A:GLN:88:N	A:ILE:85:O
0	vdw	A:GLN:88:CA	A:ILE:85:O
0	vdw	A:GLN:88:C	A:ILE:85:O
0	vdw	A:GLN:88:CB	A:ILE:85:O
0	vdw	A:ILE:85:O	A:VAL:89:N
0	vdw	A:ASN:83:O	A:ILE:85:N
0	vdw	A:ASN:83:O	A:GLN:86:N
0	vdw	A:ASN:84:C	A:GLN:86:N
0	vdw	A:ASN:84:O	A:GLN:86:N
0	vdw	A:GLN:87:N	A:ILE:85:C
0	vdw	A:GLN:87:N	A:ILE:85:O
0	vdw	A:ASN:83:C	A:ILE:85:N
0	vdw	A:GLN:87:C	A:VAL:89:N
0	vdw	A:GLN:86:C	A:GLN:88:N
0	vdw	A:ASN:84:O	A:GLN:88:N
0	vdw	A:ASN:84:O	A:GLN:88:CB
0	vdw	A:GLU:219:O	A:LYS:223:CB
0	vdw	A:GLU:75:CG	A:TRP:101:CD1
0	vdw	A:GLU:75:CG	A:TRP:101:CE2
0	vdw	A:GLU:75:CG	A:TRP:101:NE1
0	vdw	A:GLU:75:CG	A:TRP:101:CZ2
0	vdw	A:GLU:75:CD	A:TRP:101:CD1
0	vdw	A:GLU:75:CD	A:TRP:101:CE2
0	vdw	A:GLU:75:CD	A:TRP:101:NE1
0	vdw	A:GLU:75:OE2	A:TRP:101:NE1
0	vdw	A:GLU:75:CA	A:TRP:101:CZ2
0	vdw	A:GLU:75:CB	A:TRP:101:CZ2
0	vdw	A:TRP:101:CH2	A:TRP:78:CB
0	vdw	A:TRP:101:CH2	A:TRP:78:CG
0	vdw	A:TRP:101:CH2	A:TRP:78:CD1
0	vdw	A:PHE:99:CZ	A:TRP:78:O
0	vdw	A:LEU:82:N	A:TRP:78:O
0	vdw	A:LEU:82:CB	A:TRP:78:O
0	vdw	A:LEU:82:N	A:LYS:79:O
0	vdw	A:LEU:82:CB	A:LYS:79:O
0	vdw	A:ASN:83:N	A:LYS:79:O
0	vdw	A:GLU:80:N	A:TRP:78:O
0	vdw	A:ALA:81:N	A:TRP:78:O
0	vdw	A:ALA:81:N	A:LYS:79:O
0	vdw	A:ASN:83:CG	A:LYS:79:O
0	vdw	A:ASN:83:CB	A:LYS:79:O
0	vdw	A:ALA:81:CB	A:TRP:78:O
0	vdw	A:ASN:83:ND2	A:LYS:79:O
0	vdw	A:ALA:81:CA	A:TRP:78:O
0	vdw	A:ALA:81:C	A:TRP:78:O
0	vdw	A:GLN:86:CB	A:LEU:82:O
0	vdw	A:GLU:80:C	A:LEU:82:N
0	vdw	A:GLU:80:O	A:LEU:82:N
0	vdw	A:ASN:83:N	A:GLU:80:C
0	vdw	A:ASN:83:N	A:GLU:80:O
0	vdw	A:ASN:83:CA	A:GLU:80:O
0	vdw	A:ASN:84:N	A:LEU:82:C
0	vdw	A:ASN:84:N	A:LEU:82:O
0	vdw	A:ILE:85:N	A:LEU:82:O
0	vdw	A:ILE:85:CA	A:LEU:82:O
0	vdw	A:ILE:85:CB	A:LEU:82:O
0	vdw	A:GLN:86:N	A:LEU:82:O
0	vdw	A:ALA:81:C	A:ASN:83:N
0	vdw	A:ASN:83:O	A:GLN:86:CB
0	vdw	A:ASN:83:O	A:GLN:87:N
0	vdw	A:ASN:83:O	A:GLN:87:CB
0	vdw	A:ASN:83:O	A:GLN:87:CG
0	vdw	A:GLN:87:O	A:LYS:93:CE
0	vdw	A:ASN:84:C	A:GLN:87:N
0	vdw	A:ASN:84:O	A:GLN:87:N
0	vdw	A:ASN:84:O	A:GLN:87:CA
0	vdw	A:GLU:75:OE1	A:TRP:101:CD1
0	vdw	A:GLU:75:OE1	A:TRP:101:NE1
0	vdw	A:GLU:75:O	A:LYS:79:CG
0	vdw	A:LYS:76:O	A:LYS:79:CB
0	vdw	A:GLU:301:O	A:ILE:305:CG1
0	vdw	A:GLU:301:O	A:ILE:305:CD1
0	vdw	A:GLU:301:O	A:ILE:305:N
0	vdw	A:GLU:301:O	A:ILE:305:CB
0	vdw	A:LYS:304:O	A:LYS:308:CB
0	vdw	A:ILE:305:O	A:LYS:308:CB
0	vdw	A:LEU:306:N	A:LYS:304:C
0	vdw	A:LEU:306:N	A:LYS:304:O
0	vdw	A:ILE:305:N	A:LYS:302:O
0	vdw	A:LEU:306:N	A:LYS:302:O
0	vdw	A:ILE:305:O	A:THR:309:CG2
0	vdw	A:LEU:306:CB	A:LYS:302:O
0	vdw	A:ASP:176:OD1	A:HIS:173:NE2
0	vdw	A:LEU:306:C	A:LYS:308:N
0	vdw	A:LEU:306:O	A:LYS:308:N
0	vdw	A:GLY:311:N	A:LYS:308:C
0	vdw	A:GLY:311:N	A:LYS:308:O
0	vdw	A:GLY:311:CA	A:LYS:308:O
0	vdw	A:LYS:308:C	A:TYR:310:N
0	vdw	A:LYS:308:O	A:TYR:310:N
0	vdw	A:LYS:304:O	A:LYS:308:N
0	vdw	A:ILE:305:O	A:LYS:308:N
0	vdw	A:LEU:306:C	A:THR:309:OG1
0	vdw	A:LEU:306:O	A:THR:309:N
0	vdw	A:LEU:306:O	A:THR:309:OG1
0	vdw	A:LEU:307:C	A:THR:309:N
0	vdw	A:LEU:306:O	A:THR:309:CA
0	vdw	A:LEU:306:O	A:THR:309:CB
0	vdw	A:LEU:306:O	A:THR:309:CG2
0	vdw	A:ASN:240:OD1	A:PRO:238:CB
0	vdw	A:GLY:311:N	A:THR:309:C
0	vdw	A:PRO:68:CD	A:TYR:310:CA
0	vdw	A:PRO:68:CD	A:TYR:310:C
0	vdw	A:PRO:68:CD	A:THR:309:C
0	vdw	A:HIS:123:NE2	A:TYR:310:CE2
0	vdw	A:HIS:123:NE2	A:TYR:310:CZ
0	vdw	A:HIS:123:NE2	A:TYR:310:OH
0	vdw	A:ALA:233:O	A:ALA:237:N
0	vdw	A:ALA:233:O	A:ALA:237:CA
0	vdw	A:ALA:233:O	A:ALA:237:CB
0	vdw	A:ALA:233:C	A:THR:235:N
0	vdw	A:GLU:236:N	A:LEU:232:O
0	vdw	A:GLU:236:N	A:LEU:234:C
0	vdw	A:GLU:236:N	A:LEU:234:O
0	vdw	A:ALA:237:O	A:ARG:218:NH2
0	vdw	A:ALA:237:N	A:THR:235:C
0	vdw	A:ASN:240:N	A:PRO:238:C
0	vdw	A:ASN:240:N	A:PRO:238:O
0	vdw	A:ASN:24:CB	A:GLY:66:O
0	vdw	A:ASP:52:O	A:LYS:67:N
0	vdw	A:ASP:52:O	A:TYR:310:CE1
0	vdw	A:GLY:66:C	A:TYR:310:CD1
0	vdw	A:ASP:52:O	A:GLY:66:CA
0	vdw	A:LYS:67:CG	A:TYR:310:CE1
0	vdw	A:HIS:123:CE1	A:TYR:310:OH
0	vdw	A:ALA:228:O	A:LEU:232:N
0	vdw	A:ALA:228:O	A:LEU:232:CB
0	vdw	A:ALA:228:O	A:LYS:231:CB
0	vdw	A:ALA:233:N	A:LYS:231:C
0	vdw	A:LEU:232:C	A:THR:235:N
0	vdw	A:ALA:233:N	A:LYS:231:O
0	vdw	A:LYS:231:O	A:THR:235:N
0	vdw	A:LEU:232:O	A:THR:235:N
0	vdw	A:LEU:232:O	A:THR:235:CA
0	vdw	A:LEU:222:CD2	A:LYS:231:O
0	vdw	A:LYS:231:O	A:THR:235:OG1
0	vdw	A:LYS:231:O	A:THR:235:CB
0	vdw	A:LEU:232:O	A:THR:235:CB
0	vdw	A:GLU:236:CB	A:LEU:232:O
0	vdw	A:GLU:236:CG	A:LEU:232:O
0	vdw	A:ARG:218:NE	A:LEU:234:O
0	vdw	A:ASN:24:CG	A:LYS:72:CE
0	vdw	A:ASN:24:OD1	A:LYS:72:CG
0	vdw	A:ASN:24:OD1	A:LYS:72:CD
0	vdw	A:ASN:24:OD1	A:LYS:72:CE
0	vdw	A:ASN:24:ND2	A:LYS:70:O
0	vdw	A:ASN:24:ND2	A:LYS:67:O
0	vdw	A:GLY:66:N	A:PHE:53:CD1
0	vdw	A:GLY:66:CA	A:PHE:53:CD1
0	vdw	A:GLY:66:CA	A:PHE:53:CE1
0	vdw	A:PHE:53:CE1	A:PRO:73:CD
0	vdw	A:PHE:53:CZ	A:PRO:73:CD
0	vdw	A:PHE:53:CZ	A:PRO:73:CG
0	vdw	A:GLU:71:O	A:PHE:53:CZ
0	vdw	A:PHE:50:O	A:PHE:53:N
0	vdw	A:PHE:50:O	A:PHE:53:CA
0	vdw	A:PHE:50:O	A:PHE:53:C
0	vdw	A:PHE:50:O	A:PHE:53:CB
0	vdw	A:PHE:50:O	A:PHE:53:O
0	vdw	A:PHE:50:CB	A:PHE:53:CD2
0	vdw	A:PHE:53:N	A:PRO:51:O
0	vdw	A:PHE:53:N	A:PRO:51:C
0	vdw	A:PHE:50:N	A:SER:47:O
0	vdw	A:PHE:50:C	A:SER:47:O
0	vdw	A:PHE:50:O	A:SER:47:O
0	vdw	A:GLN:49:N	A:SER:47:C
0	vdw	A:ARG:48:C	A:PHE:50:N
0	vdw	A:ARG:48:O	A:PHE:50:N
0	vdw	A:PHE:46:O	A:PHE:50:N
0	vdw	A:ASP:52:N	A:PHE:50:C
0	vdw	A:ASP:52:N	A:PHE:50:O
0	vdw	A:ARG:218:CG	A:LEU:222:CD1
0	vdw	A:ASN:24:OD1	A:LYS:72:NZ
0	vdw	A:LYS:72:CB	A:MET:26:SD
0	vdw	A:LYS:72:CG	A:MET:26:SD
0	vdw	A:LYS:72:CD	A:MET:26:SD
0	vdw	A:GLU:71:O	A:PRO:73:CD
0	vdw	A:PHE:53:CE2	A:PRO:73:CD
0	vdw	A:PHE:50:CD1	A:PRO:73:CG
0	vdw	A:PHE:50:CE1	A:PRO:73:CG
0	vdw	A:PHE:50:CE1	A:PRO:73:CB
0	vdw	A:PHE:53:CE2	A:PRO:73:CG
0	vdw	A:PHE:46:O	A:PHE:50:CD2
0	vdw	A:GLN:49:CA	A:PHE:46:O
0	vdw	A:GLN:49:CB	A:PHE:46:O
0	vdw	A:ALA:81:CB	A:PHE:50:CE2
0	vdw	A:ARG:48:N	A:PHE:46:O
0	vdw	A:GLN:49:N	A:PHE:46:O
0	vdw	A:GLN:49:C	A:PRO:51:CD
0	vdw	A:PRO:73:CB	A:TRP:78:NE1
0	vdw	A:ASN:74:O	A:TRP:78:CD1
0	vdw	A:ALA:81:CB	A:PHE:50:CZ
0	vdw	A:ALA:81:CB	A:SER:77:O
0	vdw	A:ALA:81:C	A:ASN:84:N
0	vdw	A:ASN:84:O	A:GLN:88:CG
0	vdw	A:ASN:84:O	A:GLN:87:CB
0	vdw	A:ASN:74:C	A:LYS:76:N
0	vdw	A:ASN:74:O	A:LYS:76:N
0	vdw	A:ASN:74:O	A:SER:77:N
0	vdw	A:ASN:74:O	A:TRP:78:N
0	vdw	A:GLU:75:C	A:SER:77:N
0	vdw	A:GLU:75:O	A:SER:77:N
0	vdw	A:GLU:75:O	A:TRP:78:N
0	vdw	A:LYS:76:C	A:TRP:78:N
0	vdw	A:GLU:75:O	A:LYS:79:N
0	vdw	A:LYS:79:N	A:SER:77:C
0	vdw	A:LYS:76:O	A:TRP:78:N
0	vdw	A:ASN:74:O	A:SER:77:CA
0	vdw	A:ASN:74:OD1	A:LYS:76:N
0	vdw	A:ASN:74:OD1	A:LYS:76:C
0	vdw	A:ASN:74:OD1	A:SER:77:N
0	vdw	A:ASN:74:O	A:SER:77:CB
0	vdw	A:LYS:76:O	A:LYS:79:N
0	vdw	A:GLU:80:N	A:LYS:76:O
0	vdw	A:GLU:80:CB	A:LYS:76:O
0	vdw	A:LYS:79:N	A:SER:77:O
0	vdw	A:GLU:80:N	A:SER:77:O
0	vdw	A:GLU:80:CB	A:SER:77:O
0	vdw	A:ALA:81:N	A:SER:77:O
0	vdw	A:GLU:80:N	A:TRP:78:C
0	vdw	A:ALA:81:N	A:TRP:78:C
0	vdw	A:ALA:81:N	A:LYS:79:C
0	vdw	A:GLU:80:CG	A:LYS:76:O
0	vdw	A:ALA:81:CA	A:SER:77:O
0	vdw	A:ASN:83:CB	A:GLU:80:O
0	vdw	A:ASN:83:C	A:GLU:80:O
0	vdw	A:ASN:84:N	A:GLU:80:O
0	vdw	A:ASN:84:CG	A:GLU:80:O
0	vdw	A:ASN:84:CB	A:GLU:80:O
0	vdw	A:ASN:84:ND2	A:GLU:80:O
0	vdw	A:ASN:74:OD1	A:LYS:76:CA
0	vdw	A:PRO:68:CD	A:THR:309:O
0	vdw	A:GLU:236:CD	A:LEU:232:CD1
0	vdw	A:GLU:236:OE1	A:LEU:232:CD1
0	vdw	A:LEU:69:N	A:LYS:67:O
0	vdw	A:LYS:67:O	A:LYS:70:N
0	vdw	A:LYS:70:N	A:PRO:68:C
0	vdw	A:LYS:70:N	A:PRO:68:O
0	vdw	A:LYS:67:O	A:LYS:70:CB
0	vdw	A:LYS:67:O	A:LYS:70:CG
0	vdw	A:LYS:67:CB	A:LYS:70:CG
0	vdw	A:LYS:70:O	A:LYS:72:N
0	vdw	A:GLN:49:O	A:PRO:51:CD
0	vdw	A:GLU:71:O	A:PRO:73:N
0	vdw	A:ASN:74:N	A:LYS:72:O
0	vdw	A:ASN:74:OD1	A:SER:77:CB
0	vdw	A:ASN:74:CG	A:SER:77:OG
0	vdw	A:ASN:74:OD1	A:SER:77:CA
0	vdw	A:ASN:74:OD1	A:SER:77:OG
0	vdw	A:ASN:74:OD1	A:LYS:76:CB
0	vdw	A:GLU:80:OE1	A:LYS:76:CG
0	vdw	A:GLU:80:OE1	A:LYS:76:CE
